0 0 1000000 6 9
10000
815 4836
5636 7235
6208 2743
9196 1286
5974 1024
1279 283
7071 974
4051 8299
6084 3986
7566 9732
2590 9783
134 7898
957 3205
6280 9067
720 1123
7197 3165
5956 34
7198 9478
3635 3515
6913 3705
1711 1561
8892 3716
3579 6935
7816 6357
959 4241
3738 5219
117 4511
5490 7922
6312 4209
7331 8130
4404 4296
9526 2415
8736 305
2224 4239
4652 2359
626 7895
6362 9906
6531 4148
879 5726
1653 4924
2129 5383
3925 4090
2658 6838
845 996
4647 5708
4864 3045
6776 8583
1651 8112
580 5013
780 8615
7741 2886
6713 2859
8164 6665
6545 3107
9475 437
1307 5462
9746 5299
4427 581
2996 3876
593 5900
7501 4713
6567 2836
6052 8463
4005 5754
6968 6558
5005 303
6409 8972
783 3182
8684 6161
5644 7860
1309 108
4773 3125
9145 6178
8590 1598
7 9427
1162 6244
8862 8059
665 9549
8005 865
1905 3604
6595 6319
9556 3469
1744 3133
9856 3099
8733 2561
224 1646
4868 3735
9545 7422
9504 6933
8515 492
3201 3542
3725 3650
5383 2616
2393 6061
6672 9020
8388 640
9267 3207
5392 6530
5802 8475
3914 5210
5243 9181
2217 1905
3455 1520
4897 2029
1424 8708
9107 4786
7376 2378
9879 6844
8851 1268
8460 6108
8428 7814
5748 9875
5272 2298
8279 3775
3049 3694
3185 7249
6056 1925
665 5200
7028 2551
3766 8629
8208 6965
3689 8777
8277 783
2337 1269
7230 7694
2185 3571
49 8374
9900 5803
2558 1703
1270 515
9704 9813
29 9273
6335 3350
158 6560
6672 1404
1922 9615
9250 3555
2595 3029
1007 1634
9978 6078
3281 7281
588 9066
8560 4928
3509 9456
8324 2400
5558 3387
4316 8666
1172 2639
5725 6729
3438 3352
5777 8614
1258 7505
3190 2069
6871 2822
4493 7340
8804 416
950 4720
2925 468
8345 6844
6419 1157
1641 8959
9718 5358
3427 6429
8380 9960
7152 5492
3436 3423
3030 1565
1772 8425
3678 9339
1805 4772
4568 1430
2617 6706
9754 9953
695 4358
6148 6744
5584 7922
7783 8444
8219 9963
1377 1442
7722 5104
483 2473
9016 6439
8029 8183
2322 3387
5563 7361
8219 4899
3258 7163
9394 7069
9387 7362
9710 423
8886 3432
6273 6157
5878 1192
1235 2
2501 9042
2086 998
1326 3086
3744 7812
9815 413
6473 4544
9579 351
3100 6649
8804 8958
2912 6657
9272 459
3855 6307
2688 6567
2652 4343
6631 6236
4654 5274
658 739
1501 713
4511 7159
694 2436
7715 1367
1330 458
5208 5748
8397 6757
2906 4172
4079 7076
3090 7707
9544 8889
7631 8377
1754 9200
5880 5789
4624 2675
9116 2423
1592 1544
8994 62
2424 3668
6109 9478
5358 7853
7308 8265
5964 6260
9746 1328
7281 9694
1986 8846
1940 6179
2830 5066
2870 5638
7353 2939
9507 4868
2545 291
5341 1353
7695 1831
1603 2336
9157 5589
381 3006
7826 9308
9048 4795
5962 430
4605 6097
9888 6256
6726 7194
4182 7660
9287 5462
9452 762
5619 9039
9791 2556
5647 4390
2897 9539
4154 1025
654 6667
4089 6645
896 3473
9991 767
3499 348
1461 2769
3751 4274
9658 7922
1725 7640
4360 8936
4934 7939
8423 6975
8737 2276
6921 1472
1679 7578
4281 1840
2402 3881
4832 7176
9016 8557
7004 4478
8040 2808
1796 150
2100 428
1644 8381
2277 3041
8943 5920
4192 5035
1165 397
6677 2485
4167 1488
6752 4555
9952 7533
20 8383
4803 639
2117 5710
2906 6630
4322 454
2564 5470
9587 6101
6779 3112
3069 1689
2796 1219
9632 3271
1374 9468
9264 2571
8577 7821
3892 4771
4252 9546
2901 520
8447 3488
8929 6827
4041 8289
760 1670
7488 9419
3871 3963
2761 6627
9485 3074
976 2001
3243 2715
1241 3013
7592 5748
4483 641
1537 9398
7886 9097
5931 9476
3171 7932
538 6492
3496 4577
4954 4738
1231 7338
8270 6338
5386 3787
7398 9630
1604 118
1604 4680
8685 2464
3692 2122
5477 410
3179 1552
1393 3947
5672 5715
8789 4481
5509 3150
2854 8431
2720 8311
5106 5779
2725 7519
3953 6125
5129 1799
6189 3084
9167 4355
4590 7795
9066 7078
280 8344
6685 8997
483 3309
7590 913
3015 9740
4464 5324
1547 23
2545 8160
17 4171
6267 5811
4481 7410
836 7445
1698 6365
6608 7934
3767 226
6613 7365
340 1017
1735 277
9139 4082
840 7195
4016 757
6505 7305
4203 1828
4223 288
797 7472
5932 3330
559 378
4425 214
9843 4849
1073 1539
8957 1622
5042 3340
2739 6027
5173 1331
1081 4302
8548 7371
8418 978
291 5904
2398 3830
5689 449
9215 7066
6859 3966
2184 1406
406 8431
8235 2720
3229 4699
1989 1975
823 9035
598 1943
3989 264
5141 1835
137 3690
4054 3360
9340 3713
2152 2848
5484 115
6544 5834
8659 1571
8644 6448
4967 6459
8405 2049
9509 2808
2764 2842
6986 6630
5894 227
9023 2413
3638 482
5323 5831
9704 4001
5975 8513
995 9164
8517 3363
3005 6208
2872 1150
4643 1906
395 3363
4600 1214
2929 384
9421 9363
6213 5306
1055 4856
6771 7913
434 3028
9960 9377
342 834
9003 9037
1505 6629
6039 4823
6175 9248
321 7079
8697 5255
8744 4119
462 2181
3128 2827
1162 3046
5795 5998
2408 3998
4168 2461
561 3431
1711 9419
9890 1795
1866 9490
3454 17
2495 8259
1335 7084
4819 5236
4756 2770
1602 7337
2983 6960
9425 5196
3963 7798
5238 618
2280 5886
9914 4593
503 5539
5745 4504
4609 6896
6402 7518
7825 6767
8890 2320
4179 9006
3948 8178
1419 8976
9784 5713
7112 84
636 7402
3547 7747
5100 1665
6975 125
9738 5317
1830 4008
1649 1710
5319 7473
5631 8723
1975 4469
5226 443
4038 2272
2759 5075
6221 6631
1651 5915
4189 1104
43 7207
1390 7711
9692 6010
517 8136
5531 9939
1725 4537
668 3965
5421 2097
8981 6660
7547 9988
1075 1697
4564 301
498 8267
4402 3228
1342 6437
2791 1402
48 6334
5920 8461
4436 7723
5507 3545
4421 652
5136 9590
2589 4275
8538 1188
8264 5839
3348 7226
3795 8380
129 6648
6962 8158
9550 3482
3129 5289
6678 705
9329 1389
3402 9920
470 9784
5882 504
5760 4914
9509 111
6608 777
971 1339
2131 1652
3757 95
8195 9856
6704 3127
1415 2673
3956 7377
9077 3378
7977 4910
2107 3217
9699 145
8469 1859
7181 7474
4510 2875
971 2800
7880 683
5543 6602
7882 7256
6574 5525
9483 2035
4598 2924
3897 8921
1451 3513
7767 2001
4983 7870
1410 4839
3218 9368
7820 5967
4220 8104
688 1677
1104 1109
169 3472
9830 9451
5443 3739
5498 7596
8101 2505
2402 5828
3327 4359
4844 2280
5715 4618
31 1288
1004 2955
8679 9317
9560 2429
4303 4910
7572 854
4368 2274
4815 8500
8029 1107
5696 3650
1415 7642
2802 9837
8103 1214
9209 4673
8766 8512
6754 2777
1188 9376
5586 6088
9793 4349
5714 7517
631 8274
8936 5839
2985 3468
912 209
5056 9870
4316 1069
2305 1378
9255 2035
6885 8174
5958 9101
9652 9173
3528 3997
3123 2962
4562 2473
7959 3735
8359 6183
9583 3713
339 1978
40 9385
3802 6662
5264 3767
8646 1103
5214 2454
3008 1281
5508 9469
4751 740
1854 2928
7755 7896
565 7715
7209 7270
4897 1208
696 405
6273 4068
6213 3605
2412 1182
5222 4350
6145 2562
3374 4422
3270 4662
4411 4568
1113 207
828 2658
6197 3989
8348 3538
5987 13
3487 9637
8822 4264
3380 4133
584 4565
7609 6887
9481 8299
8693 5758
2442 9650
7479 9840
2626 9645
4274 9121
3801 7977
8072 3218
3418 515
8223 6658
7589 5097
4353 7553
55 3811
7026 9640
1096 2206
4235 6574
3312 2021
9932 174
7873 7598
8797 6183
1412 7480
2219 9737
4799 8071
1745 8510
6736 758
4138 2973
1496 5902
9368 2430
5068 8969
6664 7258
2565 9697
7525 6216
4244 2675
8359 5025
9236 7576
1303 396
794 8439
8977 8412
5059 8411
2182 2359
5798 455
5431 7472
4002 3180
7526 939
9682 5908
3833 9254
7457 7370
1001 4600
1270 8000
2434 8742
8496 6832
3990 5883
1274 2498
8231 1183
5947 7540
8544 90
1282 8797
9796 2751
5086 9214
6396 5195
2578 9755
4848 5040
6463 189
2734 9322
6808 3814
3556 8515
8026 8401
1725 2577
8670 2964
2599 6830
79 1778
820 4915
9692 9257
6868 9300
484 5769
3188 6886
7579 8209
5024 7406
5362 6660
9571 5311
3193 3748
8285 5242
4300 6190
6558 5179
7943 1920
2824 9353
9448 7649
34 8557
9221 1147
326 5504
1311 4902
7656 2304
2856 7481
2924 1563
9388 9862
6767 789
1718 8457
7620 4119
8991 2065
3664 4867
4997 5428
6195 3108
2386 3596
8730 6039
2091 1819
9760 1649
8336 607
7255 7146
1068 8688
8740 8757
1724 487
5019 5499
3249 3187
4304 9823
7439 6935
9631 3134
7943 4458
1784 7839
1383 4208
1833 1166
2691 7312
249 8147
6307 8056
5549 3187
967 2682
6699 5982
5402 1852
1528 7281
4248 6134
4278 9019
8511 7274
1218 5986
4442 8572
8299 6176
9922 2431
2565 5935
9450 5306
9359 7153
6920 3363
1754 6152
135 6394
3679 3571
7726 8229
597 7481
2185 8081
469 7674
1452 6411
2915 2183
3819 3147
9589 6437
6547 6702
685 7389
4695 2806
1669 6041
684 1998
2890 2347
1966 3068
1724 7591
2994 4550
9564 4777
1154 1302
5262 1000
238 9519
7359 8395
8309 2420
1541 3663
7139 111
9488 8209
3463 2833
6471 658
9868 4002
4374 4983
2112 2230
5783 7168
6281 4660
8695 2015
3655 8250
4918 8768
107 798
4394 3723
4098 5120
765 5820
4118 5190
3898 3768
495 4074
8477 6112
8244 65
5001 8093
1158 1651
2012 744
7088 4416
8799 7793
3836 4490
7411 9071
9443 2112
801 8873
4597 5212
4396 2335
3874 1938
5858 529
7817 7741
2620 3877
99 7881
8586 8408
2687 1783
5438 5038
6898 5825
6127 4259
9643 723
9641 1372
65 9470
7841 3019
1130 1171
9212 8062
5297 7284
5466 1061
1450 1492
9745 2243
1427 8447
6191 4399
9359 4922
5258 2923
8246 9604
9329 1823
1190 6744
6541 1906
4044 9325
9364 8631
2034 5029
5458 3611
2483 4835
8186 1913
8710 2973
3080 183
3672 7242
3461 2475
4990 6784
7008 1226
6999 7514
8431 8795
1720 7098
4156 2120
6464 6545
660 943
6343 7894
6109 9807
9971 119
1752 3774
5698 3093
4454 7871
5446 7268
7209 2188
9790 3196
345 353
7528 2876
1754 5984
7118 4731
7466 9614
9124 615
3802 9763
8753 5854
1956 5506
6810 8094
4245 8804
7293 9563
9184 5732
1047 9622
7432 2242
5976 825
6763 7525
3913 4403
4125 3066
3164 9382
9147 7034
457 8044
9580 1811
3213 945
6489 8955
8256 4325
3362 7347
1886 898
7280 3698
7610 7994
7592 4575
4102 6035
4697 2713
4288 1556
9442 5174
5479 2989
2436 7208
8037 1131
6026 6943
3950 2698
7909 3502
6775 7108
5990 1577
6577 4975
899 4617
8133 4159
2804 6230
8675 6980
3884 8115
4567 6441
5631 5383
7182 1795
1523 9327
2028 2457
9457 9534
6492 8168
5625 7513
4724 7486
8656 4408
4251 57
8686 3797
5542 8379
9597 8624
3057 5207
6849 9623
9215 4850
2946 949
4449 9199
6198 1085
2497 4630
487 4656
463 7860
3827 8136
6637 5901
1034 7301
1449 8152
9475 9605
5637 4529
508 2008
682 7379
3131 2834
4611 1143
2230 3631
6034 2229
3640 5623
3455 2666
9567 1708
2009 2982
3634 998
6810 4446
3227 7695
7213 5540
367 121
8390 4212
6010 7371
480 6848
5471 6687
3397 4657
2078 8871
8261 6321
5697 8749
1292 8662
1254 5511
1012 2629
5942 6846
1349 5908
7191 7909
1111 9368
5716 791
5446 576
922 9406
5854 6120
2905 9098
7284 6979
531 99
7573 7344
1360 864
2485 6055
7203 5853
2139 387
144 8985
2837 6904
5763 773
7240 2227
747 7347
5893 6291
4418 7404
4141 7883
6552 5304
8148 7934
3897 2832
2770 6510
6676 7558
3147 9533
2700 5605
7406 8414
2414 3062
6668 6854
2930 3021
2890 5822
214 6758
8539 2304
7435 1227
1961 2755
949 774
4048 6936
8522 8013
1973 2050
6286 1649
4146 1279
1080 865
7559 9628
9558 8663
8751 8288
1060 6374
7458 7460
2227 7193
1146 5952
63 4668
6239 6002
2500 4831
8996 4099
4049 7026
8022 1298
4168 3512
6321 4092
9165 8858
8513 9108
1632 9955
1766 9954
113 1527
9138 8269
2441 6388
8083 6357
4032 87
927 4436
6226 3879
9577 346
6089 4546
8371 2900
5460 4371
4989 6870
6431 6062
205 7717
4755 9490
7523 3210
1077 2749
1545 8750
1199 1294
4063 178
3175 2570
8537 5158
3607 8791
5685 5699
959 6115
8126 3859
3995 5933
7370 7940
578 526
103 9672
2813 7718
8708 2337
3108 1197
5160 9553
2759 743
8823 8437
1979 2125
7387 8996
8710 2296
3864 4472
8956 1278
3719 904
7115 6225
9774 6258
1221 8608
520 3535
3618 8553
4063 2079
4925 6208
3618 9526
7117 7818
136 3525
2009 5468
1342 2117
7961 912
7216 4525
580 3778
5545 15
3342 4205
2292 4283
6627 7286
3925 901
755 5252
2930 2416
9579 5256
1794 8470
2831 6131
1609 8101
7886 8325
2325 1141
5004 6288
933 9207
9495 5645
8191 4758
4463 5688
6096 4509
2787 4178
5694 1387
7302 7776
1889 5757
6529 1197
1868 7325
5032 7696
5023 1967
4570 963
3643 3072
3547 1838
4020 8001
2906 9144
6570 2686
7685 1621
9240 5024
2241 954
3435 1081
2123 3939
4900 6509
3114 6111
3479 3855
2863 779
9212 1327
9392 3495
5787 4993
8785 5392
9505 3254
8111 1672
9409 528
9779 2273
6638 5652
8379 2688
4025 94
7167 6950
7067 5161
9674 5829
4258 8391
5541 7774
2973 819
5960 6484
5686 6606
7894 3607
3301 460
3332 5692
1727 9924
3877 7384
7670 9565
929 3703
2198 4407
2534 2189
2243 1654
6722 2704
627 3397
9380 244
9628 5863
2214 8627
6761 284
8043 7823
2219 2383
5661 9526
736 4121
9290 9379
6660 509
9521 7829
7390 5402
5387 7338
515 1289
486 3797
5156 2698
9900 5866
3697 5133
7834 3023
3346 1262
2308 3298
7087 4727
5422 9660
5194 3617
1456 411
1142 3602
308 521
4709 6242
1784 9982
4150 7761
3044 8901
8996 2414
6968 1946
4488 8465
514 3628
516 7676
2488 843
621 1247
3353 2088
3343 4724
6324 7184
8477 279
8473 334
181 3861
5505 6901
1888 4533
3697 6489
966 1650
4154 2614
818 7893
8838 9708
7704 1096
5506 686
140 3229
9133 4021
4335 7299
8976 4973
8859 4789
9362 8283
4439 2000
2596 7534
5351 9758
4820 4795
3770 8329
3239 4963
137 4744
4974 1317
627 1160
5213 8678
2972 2061
6370 8130
2298 95
9358 6432
7412 9307
4715 3311
1818 6785
1431 1937
6100 492
3307 5049
5972 4408
7289 830
448 1235
4076 3903
6945 9899
9889 5692
4710 9382
7659 3756
4765 994
7665 5232
5403 9124
1315 5093
1931 1047
1662 3068
2374 7067
6025 3326
6441 7547
6659 8803
4480 2877
1156 8407
1883 7939
2731 1428
3144 854
5200 4479
6428 2776
6451 3844
8285 6685
1132 2432
1689 4275
1178 6217
2221 3799
5610 5785
6134 6602
5638 3573
3072 4029
3859 4082
1587 947
548 7478
2898 4267
6645 2311
5203 5120
8999 6670
4575 2572
9851 1317
1768 3446
3527 4107
6000 8339
7637 6911
2353 6272
9883 7553
6544 8979
6854 5467
9423 9
4073 8087
9464 4170
633 1103
2495 9331
1084 92
4979 7408
7188 4639
2349 9316
315 2497
206 7477
2813 585
1138 7991
4675 2454
5216 2811
5079 5344
2109 1275
2119 5335
6298 8572
584 4661
3181 6340
4276 5566
1394 8391
2771 8835
2555 8378
5271 2619
5733 6980
3330 2996
3672 8326
3727 9105
9610 5532
1915 2079
3368 8101
3253 6671
9485 3466
9229 6971
805 5389
4568 3229
8033 4409
646 6911
9698 1894
4187 2112
7584 6988
7116 8159
9261 4511
7007 2505
103 7073
8385 9863
5714 80
2905 1923
8121 568
6117 2061
6689 5611
7183 7987
183 669
1055 7293
49 1759
9116 7530
3538 8629
5065 1397
4061 5448
6149 4383
9185 837
5823 4034
6877 4698
5988 4072
7875 3910
644 6050
1417 6025
2942 716
5643 9121
8493 6728
6048 951
152 9926
8160 1427
6154 9293
3093 8319
4656 3249
7593 8444
4621 5523
6190 6079
4455 6428
7990 5820
9059 3897
5698 1527
3127 7978
4088 4254
9552 709
6650 3507
5496 5983
7936 8194
7432 5287
7981 4550
4235 1357
562 4287
7989 5050
2923 920
2931 4815
8885 4169
5849 2149
2211 654
3139 9751
6585 6317
8038 5699
8652 3153
5617 6309
3800 5991
8376 9656
6196 3974
4784 7729
8506 3768
8562 2684
9298 6708
2122 1963
2350 7844
525 3129
3261 9565
5306 7855
8151 1664
4194 9009
9774 6361
5775 9573
4014 6978
5788 8965
2258 885
2364 1108
3864 5122
3179 199
1253 7636
742 7024
261 7302
3487 8097
800 5575
4179 9947
4957 6289
9591 2577
7456 1204
8153 2495
3173 9121
2148 2415
5018 5857
5375 5327
6353 2261
8834 6056
4894 856
2412 5076
9928 463
1435 1103
1614 7926
4305 5626
3007 391
8540 7500
3078 4979
8200 9006
6088 4758
2483 9383
4575 2285
3626 5423
7033 921
3064 3291
9242 4888
5811 7732
3413 1935
74 1226
5593 1963
9344 8187
3011 5988
9366 9657
4607 9470
3076 6771
4166 6975
7613 9465
7199 4898
9477 1894
2752 1274
7354 8337
311 1643
5837 8750
1275 4208
6369 9448
8506 1417
1880 8220
8171 4412
7501 4675
5305 1100
9076 3359
3514 287
6732 2534
5376 1279
3945 7088
6266 9193
6527 2788
4281 1344
417 4408
8843 108
326 7650
5706 6510
7910 2443
9169 7886
4628 5153
7484 4303
2760 9559
7107 1207
4169 3948
6293 2230
6305 6950
5398 2575
8688 1829
5780 2411
4776 629
8898 2194
6293 2557
570 3015
8510 1259
6090 5325
8001 1373
4260 7866
2312 8975
1787 5618
1260 9186
4634 181
9140 366
2917 9382
2796 9321
9023 2960
7952 8684
5658 7637
9562 5921
2172 4322
9888 3100
8032 5643
7961 8689
1677 4425
9074 2324
1959 8587
6359 2478
6602 2294
3108 4198
8618 9559
4989 4226
8956 6772
2044 6255
8381 9352
8994 3175
1935 3865
1266 1563
3007 3071
1528 7824
4667 5348
8393 5743
6846 7387
4413 4359
3815 1440
9960 7402
4592 2562
2461 3341
6032 9845
3136 2202
3090 7605
6262 2438
6711 7210
7965 7493
4058 3491
8265 2829
1274 5617
326 2427
9421 6253
1872 5150
4651 9318
8240 6330
9564 6812
4898 872
106 8015
7838 9786
9323 4081
4841 4526
2350 2420
1794 7831
5973 4614
1678 8347
8610 7094
1686 5650
1793 7105
7575 3939
9162 7660
8835 1169
7128 6450
1577 623
1231 7135
7156 7964
7796 6623
7878 9823
3047 2552
7574 6108
227 5166
7362 7089
6566 4272
4837 8776
8948 2667
4045 4816
2404 1939
3700 1299
6067 1083
8626 7248
9574 7213
2989 8211
2833 5233
1301 1867
3386 9284
8848 6299
1956 2604
3024 1773
4269 219
9751 5877
3893 311
4391 1858
3741 7271
8714 7180
1906 7041
6637 7625
7179 8880
5903 2549
58 3699
1914 7578
6135 5943
3287 9919
4453 7561
4685 4744
8432 6948
8652 410
2822 8398
3295 8799
9276 889
5785 3462
6001 7901
4727 828
9711 8322
1516 7894
8160 5017
9970 4317
5948 6172
7064 1968
984 4232
1396 9960
1600 6804
6755 4463
1767 8820
2053 2315
9378 3158
7132 2480
6868 2478
1506 694
5733 1647
4997 9592
8066 8157
959 1010
7422 4074
7690 7299
1425 493
5104 2081
5549 3733
3266 6323
4069 9288
5471 6633
3340 536
7957 1523
8491 7634
8959 735
2329 4725
8166 7991
1489 8023
9535 3483
5871 4872
627 1768
77 276
6194 9956
6215 416
9434 5230
6248 2965
9827 1630
7509 9403
9455 7371
7555 5103
7199 7262
5229 4313
5203 8463
6995 883
6459 8924
3922 3607
2706 6853
8457 7723
498 8317
6213 6331
3724 6261
827 2100
784 1824
2096 9099
5283 6893
9316 8758
2313 2477
9505 3289
918 3530
4459 2570
358 5243
9665 8495
4252 4850
6295 4297
9798 3824
2016 1566
9552 1942
8331 7939
724 84
2086 4654
9837 7251
4211 991
421 3402
5394 2396
7111 7930
3733 8086
1443 7389
1013 3368
5364 5703
3011 8583
457 5684
8026 8165
2288 8543
2628 8350
912 9575
1173 1127
8508 647
3523 3661
3280 5949
2032 325
5690 1023
6457 1211
7279 3184
5265 6581
8251 6195
6518 6665
1821 8121
9429 6641
1842 2303
9831 9961
586 7611
8206 1455
9458 8732
1405 1025
1763 154
2545 5233
6641 5016
2107 2519
9035 932
3887 6944
3161 8720
1146 7515
326 9854
8271 9911
2252 6084
3345 6558
6101 5501
9885 4034
7470 2369
6148 9905
8622 2527
6342 885
3036 3835
1400 3472
3248 5325
2838 6482
8329 5411
6993 2486
5355 2685
4145 3981
6110 7783
1511 2454
6869 2775
92 482
8202 8604
9956 672
6629 4466
5352 6580
7799 9435
5901 8816
9598 3490
8612 5930
4289 1092
3611 2447
678 6163
8859 5527
5800 7751
6336 1060
4800 9245
1255 8484
8430 3517
6659 5348
9852 7100
2700 905
6446 3369
8009 1059
9397 8812
984 6638
9352 5964
6289 5054
7662 2880
5676 1971
7961 2768
2829 8947
9402 1083
6308 7680
7918 2334
3348 6090
8321 3572
8161 8688
4647 8219
4081 596
3065 2139
9874 7285
3523 4183
1308 6845
3113 8782
2388 9774
4677 9466
2551 8
11 4199
8237 4561
8901 4282
4168 1246
669 1727
6632 3461
3304 4218
8285 416
134 3576
361 1475
5667 2244
1621 9845
2658 9631
9788 4583
9472 9617
4295 5240
7404 9983
7967 7945
7546 9530
3876 5412
2627 2867
3752 1092
4406 8899
9955 5329
183 741
9271 6159
9235 1959
3969 7560
6993 1768
7199 5921
6322 3533
8672 1033
6006 1031
3605 5203
8880 7141
4777 3052
1406 7713
1165 5917
2235 6032
2815 6581
176 5525
4922 1716
339 1180
7938 9687
685 9898
5448 4726
1744 2022
1965 8983
815 2218
8047 6138
4868 2088
2336 561
6207 6647
8984 1688
2769 2978
6741 5708
7948 7888
4552 1293
733 4704
5118 68
1534 7171
6037 3279
2296 17
2008 1816
2092 2007
309 4128
3928 6352
7515 3292
7460 3502
2682 8742
5352 5948
1182 6795
8547 3859
2120 163
3760 2162
770 2697
215 6253
5791 2739
2725 8131
3378 5620
9173 6019
8731 6022
1584 2318
5262 5779
8095 3617
9174 4358
7733 309
3240 6386
1961 7644
8875 7535
1467 7306
5752 3575
5628 8561
7984 8752
8902 9713
8013 1687
9993 9939
1693 135
183 9902
6621 6811
5082 8037
304 8620
4061 4008
2882 5051
3805 7546
9034 2000
3163 9188
5223 1918
400 5015
7316 3383
8136 5193
9763 9043
1054 4805
178 6376
4075 1698
4479 906
194 8769
9608 1385
3068 9118
9438 928
1202 4104
1630 9895
5182 6159
5567 191
5956 8734
5166 6451
6067 95
8168 4479
2217 582
618 8138
1932 9755
9061 9964
1937 9417
9455 1105
9932 3473
3994 814
7285 8429
199 1032
2765 6911
5310 8952
9073 377
5407 5979
7532 9070
712 1767
4301 8611
8424 1393
463 5035
7068 3644
4954 6561
870 9729
8430 5648
9806 9716
1969 8066
1460 6852
5201 2414
1995 84
4342 349
5609 1419
7336 7672
6128 7619
1837 1478
5645 2009
4001 5701
2113 7532
4315 6673
8315 248
6088 8866
2110 9068
3692 5455
3185 9146
7985 1680
7136 4979
5969 2850
7496 9983
1055 4066
3255 4655
5922 1571
6342 8119
5069 478
4742 9557
2823 6513
2879 949
6016 6646
7540 3254
9906 583
4323 5027
4842 1881
8336 2209
8339 1433
1301 1040
7704 4370
1376 4294
653 3335
1375 5802
230 9095
2629 2930
4934 687
7720 3681
6545 5042
7509 6451
6984 7694
8408 9475
1200 7845
5982 5365
5612 5914
9257 5169
7573 9624
1721 6340
7004 1057
5758 1441
480 4573
7959 5314
4295 3065
4421 8314
510 3205
9343 715
6283 7155
4053 1903
9981 7040
6161 54
7852 8606
7037 6924
7430 390
5694 3316
5798 8246
5280 1874
1052 9472
2495 1657
5891 3919
9099 6196
4903 5444
9651 3115
6149 2456
548 7150
5508 8753
3003 4106
3703 8748
4077 9080
4681 3945
7699 7311
3808 6817
8698 6942
9078 665
1948 7001
5579 8962
2502 7996
3322 5002
1937 605
2782 5218
8423 706
8045 7500
2368 7944
3042 2362
8589 2151
6035 8560
2848 688
6641 4237
7035 103
5717 9128
6450 968
6932 9205
2781 3066
7490 338
2694 9302
35 3865
9725 6986
4650 3334
5912 8530
3318 6938
8398 3927
3298 269
5885 6422
7950 7346
4070 5784
1409 5579
358 6777
7472 870
8631 6390
7811 5678
1519 1634
3059 9922
4680 610
7032 548
766 3794
5939 1933
2605 7227
6821 3948
5416 4759
3160 3028
4133 8815
3561 9881
4961 4578
4849 3353
5439 2378
9817 7671
8266 1651
136 2869
7566 4651
7971 8934
4551 5792
768 1454
2605 9174
7368 5217
1683 7481
2529 9296
8585 3938
4263 773
8856 9187
1027 9269
1350 5899
3035 939
5817 1905
3957 9228
5795 2064
9514 9737
187 1199
2174 4580
3271 9346
6719 7590
7254 1916
4280 4893
8568 4442
6381 5577
7338 681
7499 2282
6531 8401
1388 4055
5974 9839
5850 590
5035 6874
9464 3510
9811 8359
6107 1176
6657 6159
2710 2956
2799 9884
3094 849
2244 6698
9175 25
5641 7600
7370 7850
3992 7776
6997 7804
2245 597
5143 3180
7720 8439
6143 557
6707 5449
7892 3685
5979 8744
1888 8938
6861 842
6871 2990
3849 4230
2678 8267
458 6596
5694 1607
9804 9212
4731 8139
6388 9680
1169 7358
7139 9264
2663 7061
9928 6401
9754 918
9442 3944
9115 713
7202 7052
2158 9481
1575 7146
8392 169
9322 9142
4818 6537
9578 6298
9815 9141
1017 3136
7062 2389
828 8457
1150 4774
6291 7576
9714 3307
217 3660
5379 5693
3878 3122
702 5914
5165 2785
2821 5528
8524 7687
7018 2348
9909 2056
8858 2763
6387 9911
5244 4435
8255 108
2642 2789
3902 9516
4791 4944
5513 5439
7782 1101
6896 535
2404 2802
5194 2035
2160 5638
8665 369
2019 1663
5202 4465
8110 701
7596 7612
9228 9930
2695 8513
3334 4899
4207 4524
8326 1070
6784 7307
251 9560
4931 2109
8950 5469
9178 3740
1445 4799
119 2893
4616 3811
6486 2987
8973 440
8221 3910
1184 6348
5970 8626
4165 4622
1102 7567
1881 6480
5907 7763
5629 6321
4970 4871
8969 6330
5210 210
7711 7257
7436 6809
3098 88
7598 1342
9369 9503
9070 8818
9063 3741
4607 9672
4223 7489
3372 6716
4833 2464
2731 174
7132 2390
4870 1263
3449 6894
7749 1184
452 4834
2956 9520
9734 6786
52 3559
7261 5303
3466 1787
280 7629
8085 3875
9099 2271
7538 2530
6471 8422
546 2887
2981 7017
7892 3192
7078 1583
4174 1688
5247 3877
8150 837
4132 5410
4958 7855
5008 1626
2651 1581
2849 9507
3676 7874
4026 3684
3803 9192
8966 8134
4542 549
9474 352
5927 8434
5929 7677
258 9392
87 4718
7765 9261
9310 2208
1185 6634
2558 510
6359 4616
727 1202
7290 4711
2183 2889
6618 8620
9953 3840
2286 5859
1108 6467
6012 482
4944 3532
8469 9230
7707 4035
8059 985
2581 7349
6398 7043
6280 7132
6714 5986
6370 8972
1881 2545
4479 3336
2011 547
4807 8910
4653 2627
128 4752
6927 7210
484 9685
7155 8967
4207 6065
8414 4463
6557 1957
474 6548
3691 1697
7687 7738
6951 9760
192 1639
9668 7201
2186 8911
9454 8490
2160 8849
7085 8577
8876 8837
2030 9748
1938 3505
2324 852
7207 4368
256 4695
2611 6502
2622 8896
5755 6419
2614 4050
9421 6917
6333 1578
8882 6288
5552 3997
1929 198
8314 5342
804 1231
187 28
1514 7621
9524 4570
9913 8903
359 349
5260 804
7984 9761
1509 789
7789 3926
3419 2525
3986 9892
6829 4411
6277 400
9014 9192
9738 512
6156 5732
2999 9740
9268 4605
6044 8100
5474 2423
3515 3900
6577 3042
9659 4310
6366 9017
3919 8492
9921 5770
5601 5342
2150 9609
362 6593
2106 1521
3720 7922
3584 6494
9975 5765
6129 7685
4943 2086
3277 12
9145 2938
8387 9133
3754 8147
4399 4726
8321 1299
746 5855
7623 1482
5525 9258
3294 1730
3100 4440
1598 3042
975 8179
8312 1393
846 9378
6191 3822
9178 7600
149 4842
130 2165
802 9655
1194 8903
9139 5769
1053 1189
9955 346
2279 6666
5347 8526
9232 7543
5614 5139
1210 6535
6785 7890
7853 211
6704 5236
6821 2255
4539 9598
9508 9906
6122 6500
7065 8614
4361 1989
9302 8854
7023 6150
3280 9541
1033 3998
5821 8359
7862 1970
3336 3167
8763 3764
6783 5212
8606 8936
4030 3788
8752 8169
6741 9259
9006 6815
6294 112
2202 6573
8304 6292
2345 1147
3343 5303
8267 8268
4253 3759
8480 4719
1553 7250
5179 589
6311 3541
3354 8535
7708 5395
5525 8192
8422 9954
5981 1482
1177 7376
251 3649
6880 5427
9399 9177
8410 3510
7194 2043
7352 4650
7380 1141
2394 3066
9360 1865
4796 9179
4493 2947
4920 2448
4986 137
111 783
4306 1643
1522 7529
3446 5481
4875 5167
8377 9197
2378 3878
5255 906
8168 978
5829 5884
1920 9378
9824 8103
2216 9048
7899 2919
5965 8589
1298 888
5639 9967
5155 6699
5924 6362
1108 4220
8716 2718
9772 1824
649 3986
6014 6318
2816 9161
9934 5762
4203 4229
7804 7318
293 1094
3311 1168
1442 1808
6357 7378
9379 9554
4248 9413
2015 880
1630 7859
6423 7924
7466 569
3137 4811
6212 9377
4236 4115
168 4683
669 5369
5767 3911
9058 7755
6865 9976
8961 7839
583 1045
6239 9490
7443 1949
1529 7311
4809 2024
7519 9269
3284 1617
5453 9871
8588 4268
3450 3167
4396 8481
7948 4518
2861 6358
6147 5272
9994 2408
2231 9221
6708 4955
303 286
1812 8655
1215 6686
8824 7121
886 7660
4048 2633
667 2216
9799 2853
195 3965
4914 392
1415 5606
7338 363
8119 1335
1095 3050
4335 9573
5551 649
8967 8385
2563 3722
6944 5762
2762 6
8731 1900
4909 6240
9153 6378
7761 4930
382 4701
7047 2965
7293 7873
2711 1810
1130 9026
7847 2099
9697 4773
2844 4271
2868 8601
4278 7276
5189 8571
7396 3758
5815 5767
7451 9924
7225 2198
7286 3496
2219 6397
9164 3709
8581 6343
7595 4704
138 9246
5918 3700
7946 8319
7394 803
535 2670
2324 117
1131 7905
2333 3789
2470 1167
5527 1488
7149 1586
8643 2376
9520 9135
4435 7231
8773 771
7668 4348
5818 8719
453 4274
4681 5651
1824 6762
2669 4673
5495 1506
9951 7939
7432 7829
6906 4319
5923 1822
6830 6055
6248 5287
7980 2054
134 6588
3144 2841
4946 9008
6352 5143
3935 3383
2831 8163
9938 7881
8727 3424
2951 1037
9075 1516
6811 779
4295 1293
5673 7732
1345 9893
6517 3671
9745 1632
6169 7420
4594 4092
8273 4489
2126 4382
7053 4112
7774 1501
9728 5898
5426 1467
7130 7468
3809 2599
0 6218
3400 8736
9475 118
7373 2282
3473 6260
8486 7799
9175 7940
372 6727
7801 2328
4690 265
475 7516
4886 9348
3350 1328
3471 507
4 7453
962 520
2551 5219
5769 7288
9719 7101
7050 5869
5163 8249
5508 4993
4593 5144
4130 5368
5229 8022
986 9436
7596 9185
6844 9832
4967 8100
5137 6716
1906 1836
6946 8315
2914 7370
3470 2824
942 3838
7576 3539
8795 4009
2081 654
4006 2502
3146 1431
5597 4322
8452 4200
1395 3611
349 4928
8593 5133
6469 8964
3203 3869
2039 8369
4080 9949
3011 7445
8770 1547
5295 1935
9011 8946
1423 3738
7876 2325
371 5130
3228 1272
9500 8802
1926 8256
7926 6202
8112 7648
851 1846
1728 4171
5787 1909
4836 6553
9914 2835
7793 7049
1079 5692
7613 2518
8314 5173
9320 9173
8041 2605
9940 6113
7387 1092
8438 3424
1409 6964
1186 8555
4065 8606
6118 1309
7783 4839
1556 2178
8832 3679
945 4179
3610 3261
655 8782
4104 1051
1216 1359
5874 2575
1326 2934
7174 380
9040 2776
2568 7603
8048 5972
7719 4425
7206 5464
2455 736
6183 1042
4197 6864
4341 9782
1553 7219
5904 1920
5170 3547
8439 1201
1413 4305
7433 2495
2418 6636
7830 6832
9963 8504
5202 8460
770 7354
5851 5554
2058 6454
7252 4130
8430 2980
9344 2753
6264 7415
4823 6813
2161 4622
1754 3378
3732 254
1428 4726
6269 2735
6341 6905
7491 6845
5673 334
3896 943
8349 3251
3655 8662
6798 3396
5591 5463
7419 6069
745 7741
4069 9519
163 7992
4919 875
9676 8616
8579 673
2609 1026
701 2796
9592 9137
8048 4369
4060 3851
5513 9772
8626 7827
9477 4879
1976 730
4849 6995
2197 885
1553 4382
6488 2458
2941 5027
255 7911
7648 3441
4624 1253
5323 9167
1976 3750
9443 5445
4289 6923
2841 428
3860 6906
1968 9160
5168 5174
8471 1434
784 4092
9171 8914
8908 4436
9110 8411
8231 948
3277 3122
3380 4436
846 6081
6149 6366
1391 5419
9579 5340
9181 5623
9877 3243
4285 6244
9999 2284
5897 9233
1610 5054
2260 7601
1974 6568
8721 7726
990 8969
6665 7955
9140 4848
1821 1209
4202 1532
2304 6792
3217 4282
1422 3419
4343 3212
3901 2159
1240 2423
6557 4029
372 3731
9049 195
1781 6935
6900 2557
9596 971
6432 3417
7038 2580
289 8020
8881 9490
4004 935
4521 401
8804 9868
8061 605
2658 5176
8126 4414
6869 8872
9606 2354
9264 9562
6610 2364
2382 5252
1026 773
2575 9792
9734 3684
654 3145
3205 9262
8125 692
1431 3255
5146 9014
4723 4737
3951 4874
5622 2363
1358 3
1356 1535
3638 5382
4751 1249
4461 3431
4118 5000
1061 7774
8781 2325
3616 1925
3350 5588
2877 830
4842 4684
1345 4418
3459 239
6615 3278
1160 3397
511 4543
6933 4978
3075 7185
2641 6639
9168 9209
6961 5429
2993 9322
3044 694
16 8872
3390 5612
1266 3443
3353 7658
875 8969
9673 4424
4330 5983
1168 6484
3344 9439
4935 531
3572 3222
3566 4406
5029 1914
5905 2397
3860 9332
265 9508
6782 2011
9230 3835
5131 6103
990 2080
6978 8309
2426 4323
4914 5458
7548 3966
7645 9113
3973 4246
5953 8981
5874 8545
1725 4035
7823 5869
3895 7821
6902 8246
1497 1532
1990 2086
6639 9408
3819 1310
6736 7873
6139 6511
2426 2145
9056 771
2260 1970
6942 8333
6333 454
824 3404
2614 8074
9047 2562
4991 8804
9298 1873
1838 7380
6871 7731
0 9563
4327 7803
8488 9282
2471 9325
7012 6886
4611 4660
2419 3941
147 4955
9450 2909
4014 9817
2197 490
5351 9745
528 8887
9384 7296
8082 6659
880 5303
2902 5437
2549 71
9730 5367
9952 5321
8224 5333
1750 1200
4261 4013
9893 9161
372 5544
1399 3186
2913 2091
9230 2692
2576 2114
3425 7553
4705 3171
7847 3365
3644 9007
7719 2281
4394 4074
3439 7669
8512 7408
5308 9134
6648 6331
654 1202
9697 9596
8130 2488
5184 6649
5809 4040
3216 2553
1972 6570
8585 76
3525 8183
2804 2282
9327 3073
3669 8231
9476 2447
8428 1186
6138 2452
2639 3502
531 7924
9981 2697
693 6554
6629 5928
2127 1081
1847 9693
2145 558
9651 5762
7051 64
855 978
844 546
9620 3599
269 1
950 6942
5214 6443
3561 8705
7666 2562
4240 4349
2411 1361
1492 845
2504 9981
5338 5120
4713 3344
8560 6581
9461 4548
1694 500
4466 1966
6807 5793
2062 8906
9899 1983
4118 5289
2793 6616
9523 2619
1828 3247
6369 237
794 1066
5224 4394
8082 7887
4030 58
7060 6508
7941 3543
4007 2417
302 1841
2713 1642
1513 8182
1854 5705
1087 2812
1690 5699
2254 7062
232 9856
6704 2539
218 6493
6096 9412
9317 4472
822 5867
5927 8246
6999 9090
3864 747
8224 68
6231 480
2171 9757
7839 914
407 6381
8602 8590
4316 9216
8840 2710
2593 4603
9660 7337
6581 8804
4405 9174
8947 7675
4729 3970
1835 6628
3996 694
2417 5407
1648 6616
9730 663
7514 6736
9146 4294
5404 2012
6494 4555
7493 6945
8894 5828
9574 1943
4029 8032
7843 1625
7789 9531
7109 8587
7345 3295
4853 8386
8977 198
6221 4991
501 2023
3673 438
434 7192
9373 7272
5585 3081
3503 2001
2651 2064
2552 5746
5810 9817
5945 6424
8765 5504
8594 9659
1390 1942
9139 3869
6325 2885
1061 6808
8587 4747
6198 7881
207 5860
5043 188
8318 1667
8781 4845
9305 1188
9084 4450
5225 2992
5455 873
9863 4726
8900 7652
7359 9808
1026 7140
7462 4
2974 9552
2979 1804
5590 1083
9328 5625
8699 4763
6127 6067
3526 9721
4995 5493
9769 2737
6769 6172
4482 5183
8098 55
2318 6739
1401 8009
286 5535
8144 5252
6367 35
5433 258
4871 9535
9993 8741
6812 309
6826 8477
2630 3535
5880 7168
1218 2366
8657 5461
8757 2477
1477 7922
3554 5475
340 3892
6488 2998
2960 8436
8448 4664
1183 9693
5487 7323
643 8900
2255 6996
9210 1954
5750 574
8849 5116
8589 3099
648 7778
3696 1393
6090 2174
7508 2983
7934 3120
3492 2799
8945 9968
9882 6880
5571 8790
5065 4169
4544 787
4027 6425
6835 7773
1623 2883
7772 6933
8557 3893
5776 7933
3547 3512
9347 3587
7838 9383
3724 9615
7059 7354
6445 3025
5579 3331
3314 153
6815 2873
5461 8861
2754 8054
7257 1207
6409 822
9136 1733
4617 3713
8932 8106
8253 5360
5321 1218
845 1968
4542 6315
9895 3792
8178 9370
7500 3544
2078 4168
6590 1842
551 4674
8520 5463
4610 8416
7588 7467
6189 8867
558 1938
2861 284
9937 9015
5254 1040
7945 1094
3951 9237
7925 940
5532 3706
9391 6872
2578 9169
2935 2805
3262 6306
2974 4922
3500 5842
7036 4995
2948 7481
5709 4099
916 2657
2811 9849
3375 7131
9187 8611
9389 3194
9407 9790
8798 7041
8678 3733
2920 2696
3854 7538
4478 3702
7171 7717
5663 1871
2000 9134
1178 6283
5242 5267
9670 8949
2318 8176
3396 4405
1708 9562
9654 1583
7733 7389
4607 1785
3540 1872
2552 3202
5172 4836
1300 2950
3813 2574
5893 5054
8472 2908
1713 8485
4726 935
9496 3562
7187 310
8987 2672
4424 2062
1037 4300
9120 3167
8566 2530
1122 7690
8050 5777
7839 1667
744 9178
7555 285
9602 6445
4350 7431
2475 3982
8044 217
4923 4088
4571 4481
2957 8743
8664 1597
9641 4653
9253 3511
7527 860
2321 4019
1970 8571
6925 4433
5462 7783
8993 3729
6 6672
1214 827
7812 7629
5802 4155
6345 594
5105 2084
1261 2816
6055 1934
4712 1430
2405 6466
5184 6144
8468 7477
9865 9861
457 8327
8612 3520
9483 3029
113 6262
8433 7432
5960 9453
3247 1846
9766 1184
4806 2282
3789 925
7709 585
2043 884
6203 2970
3762 7210
1730 3622
6984 6760
5749 5477
8564 9468
5993 2041
790 5019
1405 7
2442 9406
4046 7695
5852 6096
3886 1345
8620 743
5611 3359
927 5361
1399 30
5913 4532
8449 6138
9331 7418
3851 3773
6564 2438
3169 5392
2026 169
8744 2090
2014 5400
9421 2738
9654 1788
8992 6930
1634 5450
6597 9366
8505 5589
2512 5475
4568 8536
7899 8823
2811 997
4030 2578
3929 7436
7778 6188
3873 3089
520 9526
136 8162
4316 2609
6062 8768
4523 9530
2601 15
7103 5504
6375 7593
7832 8244
8147 6263
2441 7731
9318 2155
7517 9341
7471 1320
2688 1631
9911 2999
2691 8700
3112 2795
2091 2451
2252 6014
6595 1060
7154 516
9502 3148
9549 8023
236 998
39 699
4038 4894
124 9646
9720 2685
3163 5970
7645 3676
6965 1774
9150 5035
6328 8593
2248 4476
7150 3303
6794 4937
6434 7866
2672 1167
5658 6755
9301 1735
3568 6443
1429 4625
5909 9077
4966 3274
7618 398
5240 4178
4265 4196
6650 7636
7169 6462
3505 5400
1897 1896
4206 5132
5864 6096
4505 9013
6171 4564
7938 4810
9763 1446
2727 3326
4189 8545
9126 1864
6781 1664
8393 849
8789 5383
1949 6059
1630 845
730 8821
7074 9258
5277 9877
9238 9852
5369 8548
1188 3944
9303 5068
6904 5753
576 582
6004 1168
1058 162
3752 6433
9277 3846
2480 90
1956 5708
837 5745
555 7609
2651 916
212 1637
5906 4641
7518 5206
7080 3356
2993 7067
4785 3464
9830 9478
1731 3917
1151 320
7878 858
8912 2441
7769 6093
4074 6199
4745 9823
8271 6764
4220 5189
5405 5818
5794 5059
4720 1797
6885 2487
9865 5212
9744 4611
5945 7479
1326 5303
4083 1843
166 8910
5549 9287
4003 77
8073 1629
4959 9285
1692 6782
1661 320
2982 1560
4882 9369
113 3409
9125 5774
5918 7295
3521 5848
5778 8309
8200 9595
8869 8591
1978 3796
1646 6553
4122 8237
3459 1177
7162 9770
6281 9135
190 611
848 8392
6909 3428
9850 5802
8239 1444
574 8938
9737 3484
7398 465
1639 8393
8675 4532
7785 7301
5224 322
6695 4805
3109 2548
799 6055
1187 600
3420 5566
1812 5730
1793 4630
3958 869
1392 8167
9005 8195
2783 7751
7160 2964
1236 7758
3897 9811
7196 672
9028 5642
3445 2848
5546 5944
6513 9389
7904 3925
9624 3111
9141 6056
5393 6200
484 6992
9751 3354
9956 8212
8031 8859
4737 414
3255 3663
5406 5231
5136 7137
4817 7384
9379 223
1049 2772
5683 7379
4054 8233
9491 1818
6368 4110
8563 1891
5084 4032
2364 3905
9607 9995
110 5269
5305 4166
2175 3266
740 102
3801 3986
7476 8790
5163 6751
6281 7606
608 1337
7574 5591
8307 7891
6430 7238
963 3209
6500 9466
214 360
9342 878
3774 3397
5533 7406
7904 7147
8903 790
1202 5000
9898 3972
6823 1407
5287 6229
4137 4995
3101 8884
849 5597
6370 1653
852 6002
4758 5132
3250 3696
4625 7051
2825 7379
7144 3002
5536 6031
7749 303
9730 7159
1229 9214
46 1004
6271 6588
2917 3434
9866 122
1298 8943
1513 6298
9474 7552
6213 5428
8742 7273
1594 614
2640 9397
4888 2483
1211 5437
7499 5485
7534 224
1574 3868
6090 39
7956 712
541 1940
2837 7392
8866 8286
3348 7801
4746 8921
4367 7424
4473 9568
4013 9563
4843 232
6690 6399
4967 2911
3927 9146
5901 5290
7796 4179
9121 1604
8638 4961
1891 4817
7667 8714
1996 4618
1699 3423
7586 6417
1974 9085
2608 8227
416 2889
1259 6004
4735 9104
490 9323
6588 6663
7051 8518
917 4568
9308 2182
6399 4413
6702 5755
6078 296
6482 496
4392 1719
9953 735
597 5692
9741 2011
6158 6278
3343 1320
7367 6057
4116 5569
5888 8331
7062 3720
3819 3627
2700 4634
6173 4269
6832 1716
8218 6518
3345 2068
7095 3180
9270 6377
3739 8468
6052 9521
709 3109
2962 7216
7777 3296
3626 6163
2336 3923
3352 3493
9595 19
3268 7897
237 9421
8374 2183
1200 2122
1320 9353
786 5254
1278 1012
9818 5869
9269 7017
7688 4277
8202 5828
6654 1092
3479 7456
1745 9832
1174 6939
7174 5076
2649 8900
6112 7067
9136 9134
2112 8979
1852 2710
8584 3190
8828 8978
5957 1629
9225 302
8539 8491
5255 1987
7909 2377
6167 5397
9447 2643
8609 312
32 3889
9010 4233
7750 3266
8814 9706
4496 1183
9075 5599
5838 6742
4831 4835
6545 5225
8784 9762
5312 4279
5850 6744
5188 5757
2203 2141
6075 2544
2758 6129
3695 1591
3354 8255
2869 9307
3688 1524
3379 6236
8045 7094
9758 3627
558 6281
6154 5234
980 9474
8819 7835
6348 3344
5400 4007
5580 3770
4708 2895
8458 4115
9199 3599
8888 3419
4582 533
1020 6069
4147 5517
1315 3537
8235 9433
5160 7215
7495 5746
3648 9006
9189 2748
8363 3971
4107 6878
1256 8357
9675 4588
5978 4182
4058 8437
864 2116
1054 3107
6881 83
5065 7983
2081 3273
519 2576
1083 9154
7136 4616
1286 1679
2623 8171
9162 2320
2326 8190
8060 2040
2087 6641
3217 1354
2325 3791
1392 5350
429 9501
1369 8194
2211 7356
2654 5627
5708 6911
6636 8316
4065 8544
2840 5977
948 1006
6446 65
6782 1938
5695 3398
3737 4661
14 4531
9975 9478
2076 147
2199 9924
3909 2123
6740 5278
3216 3179
2275 6529
804 1760
9923 5485
7975 7105
6810 2420
1491 107
7897 1643
4122 5164
3180 4082
6243 4096
3043 1970
5326 5002
9109 9301
1816 8093
3136 3239
4317 5345
4058 9884
5409 7125
9069 474
9751 7989
3622 1078
2553 1381
4170 460
4654 7583
8597 6524
1038 8754
2132 9916
708 1538
7520 3373
5751 7904
4339 323
4683 2158
4279 5149
9267 6062
1522 6932
3338 4895
302 3437
1370 4652
110 1663
7716 5341
1460 3350
919 369
2564 7650
5146 9328
9904 2387
7806 244
3804 4377
5863 1406
7423 9350
437 5160
9619 5645
5105 8260
5478 7092
6468 7502
1285 2377
8134 7747
6682 5536
6394 208
4042 8776
9866 1362
5890 7126
7693 5754
2887 3011
8286 3187
2140 1264
9182 6993
4989 1407
8163 8748
8516 8077
1308 822
4 311
237 5118
2268 43
2482 6336
7749 8593
9194 1968
934 7532
6994 2589
5410 4985
2227 5673
4610 6605
3015 6510
166 9801
1975 8258
5425 8804
8558 2334
8814 4574
6122 1579
2701 4409
6547 4080
3489 7666
5604 347
2036 1236
7582 3134
8694 2013
1379 965
3085 8321
5921 8120
7495 1197
6039 8060
2025 5695
2509 4590
7695 1705
1668 2550
5826 9859
4714 4257
34 5222
3826 4045
8861 683
3481 7786
3460 1466
4925 6084
4121 9618
5319 9078
135 7121
2595 7186
8400 6584
5630 4774
7876 3558
7115 6203
2775 1806
6097 1418
8638 151
5917 2706
6752 5070
5897 1074
3838 4574
6991 6021
3866 7802
7738 3911
4259 1613
7718 3652
40 9890
1914 2029
3825 8784
2998 4310
8775 6816
8444 1
4279 9942
5171 167
8374 6344
6415 920
7948 8267
9160 8483
9169 1328
8121 4315
5901 8222
1992 9287
5062 4696
6388 9988
38 4726
6671 2625
6224 9221
3703 5633
4395 7850
3572 2106
1218 2904
5252 1654
1585 9052
8007 6964
2633 115
1944 6481
3095 2897
2615 8528
6861 1862
3791 1754
4581 3883
8671 6277
8879 7405
5398 7397
6257 7370
387 6551
1467 3696
3095 8166
2646 4935
7456 9297
4183 4736
1551 5200
4879 2359
3977 6145
3303 8481
9193 6083
6888 8494
6261 4122
7209 1025
2086 9260
1360 4191
3199 4468
1937 34
5958 9586
291 7698
9413 9047
7592 1794
7991 3069
7615 8417
5811 6189
98 4199
377 6634
2603 814
114 2770
6271 4802
5212 4436
2271 8790
4279 5870
5667 3168
2095 3385
3194 757
7218 867
6316 9630
2034 22
2747 6855
8398 9603
6739 755
4052 9917
5194 9341
9950 1249
9485 6498
9238 4644
8060 6528
4226 5601
6935 6422
2838 2592
534 9791
8171 1070
1658 6101
6847 1947
8226 3386
9446 1841
2290 7341
4984 5469
4136 8857
1645 3746
710 3804
9532 2934
3763 1027
8401 7284
605 4929
6177 3621
6798 6748
6169 6691
4999 4239
9726 9927
7359 6904
5950 6321
5309 913
7164 1650
2625 3734
7074 2531
2504 2424
60 9115
8414 7041
7931 1006
8236 1061
5438 2466
3046 9195
369 8882
2723 6795
1782 1979
8865 899
3923 8400
305 812
7281 3991
9592 4723
2362 3592
8151 6172
3886 671
3715 3108
8541 2253
7441 2121
9163 1032
3701 7943
2532 9856
7830 1673
4837 2106
4389 6199
8978 1920
7309 7450
202 6965
2860 31
7952 8197
712 3758
74 6792
7974 6100
1921 7522
5681 3684
4536 5555
9000 6792
6517 3072
1182 8850
8368 5850
8245 8537
7318 8462
8574 1335
575 3812
7999 8083
1663 4265
5897 755
5856 9037
898 4975
6271 4681
7304 5526
8223 6515
277 3409
3694 5352
4251 531
7210 8578
3848 5611
5444 6962
7202 5469
1190 8673
9615 9494
6915 2264
2699 2827
5271 352
8175 9528
6711 9304
6544 5975
1994 3901
6096 5789
4100 8685
4184 6622
6163 5971
6188 3454
4677 4622
6227 1616
2255 9059
8364 2041
7254 1772
1830 2716
1040 2450
4242 2716
308 7432
6154 8102
8945 8667
2571 3980
9893 2804
8336 4650
971 8961
946 8091
3904 6219
6563 6291
8199 5402
8579 9156
9711 476
1744 1620
1357 4681
2302 5840
7453 1275
6887 2179
2884 7002
901 1771
8845 6177
5764 9295
9217 2536
3247 5532
9064 7716
6433 7197
5609 71
5354 3075
896 7952
2166 678
8618 5254
5735 2182
4675 2045
5587 256
8009 2655
6880 4587
2279 3080
9911 6872
869 9188
5511 4337
4738 6769
3225 278
8456 6085
8508 4610
4488 9203
8991 7077
7845 8387
3065 5852
5896 339
8369 9133
7215 5503
863 3321
7478 866
5823 4931
6998 6876
6434 4467
8949 4749
8345 8934
2762 8551
7324 1639
1287 6226
4471 1429
3666 7008
2451 7551
7077 2254
8442 9437
1856 4181
9214 1887
8790 4837
7750 6766
4999 6917
2947 8767
7777 6633
6775 6230
8770 3531
976 7327
2458 6045
7314 5297
2603 1249
8566 2736
8754 6927
6864 9700
7217 6045
7305 3421
7465 6348
5649 4352
8081 8421
6955 1169
177 4850
6652 7016
6984 7100
2239 9166
1506 3478
6597 6539
567 3241
2555 7769
6933 856
6359 4338
7881 7387
7966 7185
6144 6432
5430 4475
2470 7814
9117 5087
9338 164
8079 2236
9847 6483
4733 6326
7429 9402
8191 3887
565 6195
7172 8517
3068 7607
6074 2151
8931 4991
833 7367
8335 1218
2601 9128
7470 7829
1476 1297
354 9426
6777 7088
5377 4496
7768 6385
8161 3913
1536 9657
2786 3213
7059 7131
2775 4717
8071 4407
8193 1183
9646 3437
7067 5466
1811 1120
4575 8888
5243 5327
4194 6527
2729 21
8577 7413
7576 8652
5433 7098
4468 6369
8926 8626
6392 2721
4126 1185
351 8933
1934 8416
4655 3528
7046 3003
2280 2592
3595 1643
5576 4988
5891 4685
8514 4686
7928 2784
9286 8032
9738 4981
2257 7733
3830 8016
3861 4769
9194 5384
6615 3236
3804 5968
2846 8111
6607 7402
6676 259
8949 2716
6166 8833
405 8173
8797 9040
9796 9635
6209 1368
9562 4581
3188 4614
6072 7795
1368 2934
609 7968
8738 8759
8210 9262
1923 8537
6857 5970
6180 7670
5824 7575
9523 2831
7424 9866
9265 9745
6568 3216
495 2510
5725 4501
1702 6526
1211 6710
2725 5122
9170 6870
2983 2035
174 9545
6797 5035
4297 6696
632 6636
7340 2000
3260 9956
4199 2830
120 414
3228 3013
1122 916
3205 1430
6627 3014
8876 3754
7642 927
4355 5094
1279 7621
5346 6980
8818 4597
9480 1029
7602 5213
7124 7855
1772 8181
1357 5612
7104 731
1079 5581
4532 6949
4464 402
6937 7046
8198 1967
9803 6154
9573 1695
7249 3945
4021 6699
6275 1653
6953 3824
1669 9701
25 1794
2682 3282
3661 784
7976 2130
6174 8259
5314 6330
47 8946
281 780
5851 9682
9327 316
2788 6215
4485 2594
1774 3046
8644 6401
3595 7144
8514 7558
1869 8933
2405 305
2098 7815
1400 7453
386 7040
3454 6547
6166 5321
2061 4802
1482 7955
7451 4325
4942 5819
8825 9510
4758 6409
2343 512
3865 5967
9006 1455
4846 4868
7760 4429
4240 1114
8052 4919
6873 7037
5624 3561
6106 3971
487 8092
7663 1015
3597 8666
3329 819
432 2712
7199 4053
1567 898
4279 7427
8694 360
331 1950
5593 6017
2617 9307
7872 7446
9933 8733
7893 6513
1893 66
7370 2113
1621 7883
5851 3331
6661 3251
3210 3532
8947 7507
7317 3965
3423 8842
8601 2724
3812 2086
539 9968
5033 3186
7855 5697
4920 2688
1256 6395
8871 9923
4192 7534
9671 6997
41 276
1465 9477
6500 6706
3658 550
9714 1131
1579 7003
6633 5275
9443 8318
4124 2319
7600 4854
181 1286
2874 2801
5184 3391
3893 775
4198 8587
6257 3296
6720 6954
9612 7066
2468 2442
8677 8998
2073 2508
2202 8817
1785 2090
9657 2124
7137 1682
6317 4440
5988 8532
6794 1474
8070 8817
2962 2640
1746 4184
1435 7812
3808 6270
2614 3588
5331 3529
8034 9203
2213 497
8002 1565
1706 9857
2020 8521
1477 1777
3087 8439
7297 1242
8638 1602
267 6249
1703 9628
9423 9837
8357 4948
5489 5783
9385 9044
9800 949
8860 8215
8814 4700
6889 918
4915 5642
6081 2172
9297 1565
3679 629
3817 7058
2940 8814
7638 9990
832 436
6137 9620
6340 4989
368 2082
8870 2137
2369 1988
3730 7418
8825 4205
8287 8743
3346 8360
647 8743
7638 8161
9597 4869
2160 2008
432 8326
3610 8599
3365 4296
5720 2046
9642 5987
2739 9188
6267 9906
4339 7801
6015 1114
1642 6200
3651 5822
1995 4359
5850 425
8750 7877
7250 8735
5115 3015
5376 9590
8738 5339
1204 1708
1468 5734
6017 3210
3676 4097
4494 2884
6449 9383
8723 5044
1880 5979
154 9670
243 6677
152 586
40 4395
5315 6424
9908 7328
9849 2758
9368 8475
5854 2502
2122 721
49 8043
3392 3611
1761 816
4864 7090
8114 3977
4489 6911
9870 1267
4636 2946
9902 6844
2276 2389
7860 6303
9098 3375
4548 9118
8296 1193
5742 4834
4880 992
951 8073
7425 1399
7409 1372
3905 153
9395 3125
2079 9031
5417 7665
4909 5672
6454 5079
9150 8956
6515 4300
8756 6536
1125 5036
7736 253
9234 8130
3879 8848
9546 1417
9600 8487
4844 192
5064 5717
5624 9414
2165 4082
4466 7998
9914 8671
1401 1883
5630 7876
626 1403
2683 1807
6485 5005
3946 3326
40 85
9462 4392
2073 2319
1607 2619
4178 7485
2841 3102
1263 6665
7628 322
8901 3913
498 2653
5487 9554
1241 8218
717 5408
6289 9280
485 6796
6118 4730
6337 4855
4292 49
91 6667
879 2832
251 7435
2144 5424
5000 4028
2326 88
7049 4141
3830 7501
2872 1190
9886 1140
4013 5795
9580 8342
1504 6694
9792 805
182 7741
4667 4167
5947 8943
8631 8920
911 2290
6449 8156
974 5923
5730 4875
1897 2962
6263 3912
224 4227
5281 844
4904 2887
763 1744
5561 4104
7465 8930
1463 6410
7178 6108
2744 8190
2537 9534
8385 8615
2060 9595
3970 7782
88 5067
5488 516
9971 2884
1084 4777
2047 1957
9834 2657
3422 4799
2306 9599
4679 5747
9859 9882
3968 5503
7371 5776
9262 4632
2306 3692
8300 1124
23 4863
8827 7882
1309 6411
8918 5926
5404 5579
7512 3174
4951 5948
4233 3701
20 8405
9360 4139
9810 2284
7925 661
2818 193
2537 1102
4798 9971
8320 9436
6818 9546
3250 7428
6396 2551
97 7106
3433 2101
3642 3931
9007 822
536 6676
6337 4066
3938 2465
5612 6086
5199 1351
6344 931
6167 72
8040 4295
5609 6034
7122 1191
7647 1373
1121 2910
8739 9175
241 5589
4322 7701
7445 9889
7166 5991
4899 6092
7768 3358
3040 3238
2836 5926
544 6572
7314 3988
363 8020
7726 4900
3321 1205
2794 999
1214 2918
8858 734
540 8977
2942 6519
8428 1851
5639 9942
4189 4174
7045 8246
7405 2527
9952 6813
5723 848
1452 9827
4862 8794
7618 3179
2641 3192
6145 7676
2183 9332
6791 427
2430 4483
1691 7092
4037 9500
119 7102
5673 5485
3993 803
7421 8516
3014 9728
4502 9108
5380 9183
7489 7720
4870 2474
9265 2650
4563 1564
3418 5504
7915 4681
3625 6807
9105 7150
421 951
1697 7666
1913 3771
8522 6024
6282 5323
6276 1959
2115 6919
7915 8334
8571 9665
328 8937
2922 2007
244 5994
3752 9823
7547 196
5057 438
8224 8327
1663 8568
3749 3039
9781 4545
9166 8887
1451 4834
3605 1939
8380 3345
1671 7209
9467 8843
8409 1991
5353 476
4703 3700
7191 1134
4427 8059
4785 7625
1944 9017
1590 6834
7539 9960
4047 4179
3940 5277
864 336
8747 1256
7547 6625
4297 3157
5345 230
7171 9743
7166 6464
1761 5849
8905 2647
4599 8500
1929 7738
9278 5390
4199 5815
2523 8577
4111 528
2248 3593
3724 2489
4025 2109
5875 1595
5976 7315
8024 5366
40 3722
7995 3152
1629 9193
1111 5386
7456 4656
6007 3123
4222 6301
938 5670
2413 9765
1232 7471
6530 6509
8598 3771
5612 7450
9686 7002
3135 3778
7402 2377
1378 2094
3634 3785
954 7085
767 1872
4778 2301
7321 320
2001 8920
9813 2320
397 765
4485 172
9527 5442
1003 5928
3436 9667
8159 2008
3896 9604
3754 4645
9287 9800
302 1820
3981 9792
8453 6847
4114 5942
9216 9568
7891 3842
9388 8831
6635 1897
6186 5527
994 1734
1693 637
2301 7691
9828 5988
6776 2987
5931 3370
5648 2042
416 7855
5840 7775
1449 367
2104 9859
2918 6232
8596 8232
2230 2325
886 3463
2486 7962
9345 6005
9987 9367
7257 733
6296 1639
492 9726
2914 8236
3684 5585
3558 7054
4716 3726
9743 2835
5021 9031
5601 4372
617 199
403 6807
6329 2464
3937 1429
4113 7983
1129 6260
8965 1501
8335 8417
8698 948
6650 6935
6856 1685
7043 7829
0 7303
3061 848
7455 355
106 7479
404 3786
7047 2304
4900 162
5427 3536
6699 4598
9833 145
8555 5950
8409 4834
3453 4622
1490 3167
16 9753
2129 9724
3096 4095
6881 2247
2244 8405
4923 5710
3674 6014
6995 3605
1775 1448
2023 5450
7594 2367
2393 1547
5540 9414
6585 6674
9760 4878
1855 5943
6813 7728
6219 5144
4142 6013
9094 2042
5893 7276
4601 2471
834 6663
4452 9059
4117 651
4654 4373
9579 8108
9225 7959
3954 3036
2745 1909
5018 889
7123 2792
9065 1208
1971 8652
5604 9213
3115 9570
784 4212
1738 3368
2498 377
4062 5439
8919 2711
7940 2800
6558 717
6182 3199
1088 4678
1213 8490
2568 7177
1224 4980
2319 1957
420 4696
5350 1318
7909 5345
8172 4674
918 7103
3637 4789
5794 5882
2301 8783
2088 5768
6015 2742
3196 346
6206 3518
3836 9070
5658 2801
4533 1957
3987 3574
7021 80
7732 3259
9315 6283
2622 3553
9668 2154
9822 7769
1860 7751
202 8927
4347 9622
7867 3303
7453 3747
3728 5481
9542 1711
38 7250
6593 9688
4156 9463
2901 4066
9193 9875
9382 5491
4671 8299
8830 1298
5397 1715
3504 1842
6745 2499
285 69
1256 9955
6651 6682
2371 8378
6881 4661
2158 1135
1673 8708
7177 8373
2037 8254
2199 7536
4569 5630
5165 1884
6889 1153
2857 1916
9564 311
5381 9704
3905 5300
2685 125
4364 345
7882 4326
7533 147
3402 3531
4368 8540
717 377
7422 1593
5524 199
9660 2719
9532 4235
5345 6881
8389 8133
3804 5435
9374 4991
5375 8505
2820 7084
7379 9183
8915 8914
2834 7876
8724 9178
9068 9103
9502 6414
3789 3243
8797 4445
4039 2849
5837 3313
2372 9000
5668 6615
8581 1459
7221 3079
6560 7332
6459 490
3541 6009
758 5605
9344 1879
8926 9093
9845 1174
6128 7321
1859 9206
4372 8020
7036 4640
6530 1209
324 1861
9047 6242
6064 7880
5576 3132
3349 263
3621 5537
3894 4686
9527 9785
9900 8642
6255 2155
7691 432
9294 1507
3198 9958
6484 6661
8635 4257
1898 1969
799 7159
4269 3434
4085 9349
1369 7981
8988 9672
377 5394
8186 3384
5725 4259
5683 8248
6258 3907
8461 2891
3198 6605
6808 8920
8201 1578
2568 6843
6137 4164
7887 469
2148 4581
9573 7148
5967 2330
1002 980
1443 1997
62 6535
7685 2369
977 489
2098 1289
4534 986
2000 5473
4620 2913
3911 6915
7916 7668
4674 2039
6797 6809
8032 5561
2365 5617
2250 6320
4824 7267
1292 3155
7625 6557
3899 4012
5478 1047
2157 2241
8038 9227
2863 3831
1896 4639
5835 6219
186 4520
9714 4358
2351 4136
2961 1897
7452 3767
9775 4144
6680 4347
3589 8813
6553 1194
6430 6393
476 6796
5230 684
4141 9849
5288 3755
7864 782
1374 209
9809 530
484 1307
9783 1465
6660 86
8701 8124
5208 8372
2639 5063
9386 378
4300 9582
1867 1218
3140 1169
6077 1136
7034 1091
5469 6347
7893 78
6976 5909
188 2876
7794 6501
6792 7848
6301 4950
9737 9243
8293 1510
6951 4932
4458 5163
9821 1723
6471 6780
1297 8959
9731 3929
3302 5593
2036 6779
3008 895
9163 9432
1890 3703
2107 282
8573 131
3006 4799
2084 2604
1650 7674
9160 2638
7749 6148
5540 8042
9566 9361
3709 4401
5647 9232
868 3282
3379 3760
8248 1181
6151 4714
6526 629
2718 8764
7897 652
6292 7710
7692 6887
7019 5816
8656 9374
8920 7304
917 2265
5710 8323
6004 9747
8586 2773
5595 2448
4226 1970
5668 4702
9923 7823
6521 3858
857 9320
9622 7382
5410 5608
6660 9461
6509 7582
6537 1976
8531 1525
7382 9427
781 8982
210 9864
3083 457
7405 4164
928 8116
8113 6389
9340 7431
8903 2848
7899 4246
7400 3472
8407 7023
4957 7899
3995 3111
2014 3608
7449 4970
62 6272
6620 204
159 1710
4359 4119
1256 8206
3696 6040
1960 2356
3966 7053
6098 7794
537 5854
5080 9596
7621 9863
5731 8810
8766 4828
8331 5539
3321 3588
4610 5100
6836 8722
4461 6115
5954 9387
7336 3720
9304 9761
5793 1927
8407 3873
4729 8364
6130 343
1656 5036
748 7691
4424 9125
281 9278
6985 2025
7551 8948
335 6595
5029 2524
5306 7163
9045 3515
3329 8428
7351 8979
8738 3570
9650 8586
5551 834
6188 2878
2005 2481
1446 6078
5634 6133
1116 2912
7034 1555
1972 3160
801 547
506 5460
4230 1826
1678 639
991 9776
9730 3574
1445 1284
8345 9922
6883 5822
9868 9613
593 5302
746 8440
6417 9787
7258 7532
8070 9992
134 4587
8084 2403
1935 5238
99 5156
6569 9804
7369 6397
1411 3920
4833 9951
688 540
7301 2554
7196 537
9469 1665
8012 2729
2342 1431
2478 555
6733 2405
6195 5441
3258 8369
2460 9954
6957 8157
193 2054
8784 2404
2203 7578
2301 1859
3116 2563
1584 4144
2247 6181
7314 5436
4508 4505
4046 3372
5558 7630
6427 7104
7569 8924
3347 928
7191 1512
5128 9918
1918 3778
5061 9408
3249 5723
8554 3943
518 4060
9905 4336
4174 7075
3590 5929
7499 6836
6181 7186
2654 3349
9438 7936
3072 3890
9950 8572
8966 259
8361 1011
4568 6822
3231 1351
7893 997
6682 4564
4827 9973
6494 5106
3002 688
3834 6020
5291 8012
558 6495
79 7079
4533 3794
5436 2479
8553 8600
7232 4391
1492 9186
922 6588
9719 5503
9464 2569
1667 7712
799 1460
8130 8134
1244 7289
139 3293
1210 8443
8399 651
4053 3587
662 243
9867 8705
8 960
6163 2189
3109 1686
3850 4914
2632 7978
3775 8273
2666 6160
7486 3278
8575 3298
8650 4719
810 1173
1222 4798
1168 1557
6471 8709
2137 9138
414 9345
1314 1776
5963 1339
4792 9731
1253 4982
5896 7897
2051 9470
8521 4494
1905 4899
3788 9338
1761 6334
6659 7392
8041 582
7476 3383
2422 6336
9857 7129
8733 3576
6957 2268
3262 8977
4564 7011
5405 3140
850 6837
8151 5612
9917 2166
9594 1638
5339 3142
3891 3631
4441 3448
3481 511
7600 8543
9144 4738
1289 8616
7528 9751
9537 5310
7392 2157
5278 1199
3256 1036
7714 7893
4667 9003
898 260
2051 3792
2646 7485
8072 8650
3905 4645
479 1815
4742 2217
6404 5338
5932 4991
3178 4843
3983 9415
8348 1177
4342 6536
9980 6829
8239 8513
2075 5214
9330 1416
2135 2795
3505 6502
8595 684
2054 2569
2566 4138
3020 513
761 8161
1894 8372
5872 6214
5233 9018
2689 1428
53 7881
5753 6658
7274 542
3332 1558
8879 9979
911 8863
697 6211
8341 7734
8262 6193
2416 2631
6431 4901
3372 9332
4437 6918
6043 473
9527 2625
1549 2580
5709 2231
4108 7036
5480 1158
3796 3830
1940 3239
3762 6903
7908 9963
564 2094
7835 8326
3808 1345
8597 2754
341 8603
9692 9706
6132 1741
3064 9261
2576 3820
5566 7393
5483 9021
5885 4814
3291 8691
9208 3858
8734 4634
3834 2682
9291 1811
3581 4131
8014 6646
4018 5185
3524 4152
2613 4755
4312 8084
5657 1852
1680 5923
9946 7885
5873 1507
5894 2129
1686 8044
4375 733
8679 5201
8029 5898
1016 3892
3333 9621
2428 7851
8209 2280
1805 9212
6926 4268
1620 4036
7098 6280
1379 2563
5766 2308
942 3445
4389 3452
9092 5935
4520 7906
1393 1333
205 792
9342 2749
3647 6923
2530 5987
1446 1738
1180 6965
7087 756
193 7604
492 9104
3838 6050
3777 7789
3154 3168
7063 7107
9333 7086
139 7859
3037 1500
8828 768
7115 7386
3675 8954
89 6584
8028 4873
6906 5578
7263 8067
2925 6575
3617 4745
2563 5514
2137 9297
5444 3257
5975 3179
4818 892
9966 8794
5509 2569
6916 5095
6290 7210
2574 8106
4188 8522
1297 405
8999 7652
5578 3165
7148 1142
5419 7327
633 3063
9710 2051
7594 4013
8437 1772
8827 5450
1761 2578
1120 3670
3429 178
4549 5634
9566 4806
8812 196
6345 3716
8048 9873
7560 4876
8896 3509
1943 504
555 5703
9258 500
6368 6801
3659 419
659 629
6210 9692
3565 7099
6947 1773
2783 8909
6802 9362
2884 8929
7414 4747
9695 5427
2149 9723
7590 8921
1926 3199
2587 3190
5081 7884
6742 395
1179 9009
647 1010
4381 5072
2504 2405
7108 3054
4032 9838
3133 6419
5101 4333
8165 4392
9400 6239
5815 270
2654 130
8805 4172
6006 9447
5553 587
2717 3189
3921 746
4020 4854
12 5941
7470 6585
9716 9495
7663 9005
5094 214
5120 4738
5743 9629
8200 8214
1479 2121
9914 5885
3003 5549
5374 2754
6170 5690
9316 4406
5954 3746
9636 126
3768 3283
5556 5666
3393 4696
6717 2237
8673 3904
453 8180
8820 5256
6746 4488
6329 7411
679 2450
2838 659
3404 3355
767 6157
5364 8809
7217 2335
9387 5779
8957 3567
9482 1375
3878 9272
7788 7871
1755 8473
6982 2837
2604 9298
8290 2803
9653 5545
8853 1177
9692 1805
7445 1029
5942 7114
3815 4160
9851 8362
5305 8514
58 9608
5185 9575
8768 4827
4991 889
3765 4002
4618 5048
673 4150
2739 8520
3594 5810
3940 83
2511 5266
2662 2368
9039 9467
9421 8396
9395 9234
4424 2810
7090 2705
9724 1420
5620 1299
7590 6279
5260 3968
5982 8028
3357 4487
679 9279
5418 5292
7018 4334
425 6165
817 6963
9271 9807
9479 7008
490 476
5977 3817
9644 2919
2224 7757
7743 3548
3803 5116
9981 9286
6545 2871
9203 6321
5487 8165
4186 3514
5276 2518
4967 5709
4062 3385
3933 7913
3793 463
8845 4583
5343 4571
7501 759
7947 7535
4124 5481
8740 1597
4093 9162
9412 3740
586 170
2165 3413
2664 2805
2116 5088
8750 1431
4302 2695
9450 5074
3942 9439
9312 8622
6590 4275
1576 1725
9352 5803
7572 6573
9482 7805
5556 3941
2732 5251
2858 2025
5024 1173
3643 8663
9629 7205
9065 7180
2093 5047
2159 4658
7160 9525
1779 4388
2253 812
1594 2884
9407 7252
6523 3174
8221 1441
8518 1545
7521 2438
1869 8015
940 3261
6374 1182
3708 7691
9940 8245
476 3228
5231 8048
4186 5759
2865 6373
7466 1152
8984 1875
8116 9992
194 4992
8908 3207
6115 214
2876 3994
4706 95
4927 5136
7904 238
6716 459
1740 1979
3659 7079
2754 8217
2019 5320
4316 8020
8885 247
302 274
9451 7248
1412 4360
3082 1643
8575 1489
6448 2963
5977 7934
7493 1927
2037 8205
9664 2673
4986 8962
5968 8750
4611 1032
2661 1327
8094 3525
5543 9313
5467 6318
6193 2333
5978 4080
9112 9139
9071 95
2262 2374
7220 5516
4450 5866
1609 8659
6217 9714
2385 9775
7456 7101
9874 1392
8627 933
9220 6975
6348 4997
5954 1046
1379 6212
1241 2039
5842 2750
7772 7384
784 7237
2026 3153
5492 3741
9389 6014
2054 2941
3324 926
7214 6549
3103 5836
4167 8415
6436 7772
7457 9764
9186 2703
8454 3506
7610 3366
9075 4764
8694 5568
5641 4361
4847 6599
2910 8531
4842 2086
6710 7584
6170 3016
531 2661
7478 5718
9614 9858
7296 6963
5820 5041
6028 6190
7501 2712
9974 6264
4700 6685
8766 8445
6122 6909
9679 4538
20 3493
3701 8386
2549 4342
1064 7820
330 6750
7108 912
2421 619
7657 9449
1821 4782
946 8787
3476 1011
3950 149
9274 370
8175 3980
3278 7329
7647 5304
8825 2672
8841 3321
9224 8427
2570 7736
9559 1567
7902 1987
9900 5987
8639 5128
4897 9274
3567 269
8480 8846
9978 4823
9571 8941
704 9340
5698 721
1401 171
2383 83
3428 4006
5417 3008
3149 4179
9188 7815
6992 3633
9384 4292
2593 5566
9966 619
676 238
4163 313
2418 2216
8319 5652
6508 8853
6796 2290
9519 2916
4657 173
1265 4486
1095 2941
3602 459
1717 9362
9430 3256
7133 6842
711 3553
92 4165
4547 9597
4374 560
7819 9195
6711 6713
580 1530
1587 7963
9018 1766
9655 4628
3549 7314
1223 2608
8588 1888
4430 7324
1910 9677
2425 7558
5077 2997
3370 2991
6652 8527
8351 9148
578 45
2866 4091
4433 3747
3836 2190
5643 2676
4396 7858
1500 1000
4982 7559
2012 7645
6978 2560
2159 7336
1932 7349
7419 5611
7928 1831
7638 9679
8464 7023
446 7936
5938 8891
518 9030
9879 2330
1095 2417
9463 9292
6779 1672
4365 3297
6252 7257
1724 755
8870 2985
2839 8805
8208 7780
5741 6243
8818 9176
869 1766
4524 3174
2071 8375
6075 7247
9981 4487
8262 6388
8656 966
8304 5992
7949 9628
4602 582
4147 9944
9424 965
2795 9362
7451 3610
6840 1238
6916 1173
4233 7777
2974 1730
9782 910
81 1191
5715 1781
1939 9081
3447 2428
7684 3845
6791 2514
3169 9366
9011 2993
6117 5913
5715 8008
5354 2197
7349 4960
2840 1181
7868 747
6587 7828
823 1299
1237 3886
3279 2467
1890 1359
8986 2429
3068 8310
2829 3102
3436 6709
3034 4110
8232 1950
1226 653
1748 3643
8983 3630
8888 1602
9089 270
3562 4564
1228 3204
6155 2398
6748 4159
6974 1877
4855 3154
4527 6333
9328 9089
8754 6561
1327 9228
1239 5774
5381 5099
3183 7070
4702 5511
1876 7883
9410 2948
7690 8195
8164 50
4900 4267
2288 1422
7613 7751
5516 5894
5658 7751
1248 5207
7644 4403
2894 2888
5219 1617
8558 9316
3893 5782
6565 8301
6306 2723
1660 6130
90 7375
5905 6033
5863 9269
1716 8265
8225 1655
8533 4159
1147 9341
7906 9270
6676 7001
3164 3812
3696 4349
5081 6729
3376 7257
3785 4216
326 851
318 3831
981 270
5018 1618
5433 2169
2725 6160
4010 5311
9993 4754
1308 9986
451 1806
5565 6604
14 6334
2449 4840
5800 3110
9379 9070
1303 8716
5322 3456
9028 12
8507 5213
6622 8453
5558 816
2477 7830
2111 746
8911 9151
8102 3952
6477 7587
4001 6720
2984 1424
1670 9308
7399 5265
8274 4227
9664 8751
1805 4521
1684 6680
5569 2593
7283 8744
2463 9370
3392 9205
1435 2469
4920 8608
2269 4872
4823 8548
3884 5985
4926 9656
9048 7326
1818 4187
6922 9294
7275 4828
5335 5470
5429 864
4588 9001
979 853
1568 4246
6878 8005
4121 1577
9524 8307
5489 1189
1552 3600
8727 6377
1569 1006
5917 6159
504 9329
6777 4402
643 1841
4431 4382
1238 1755
2219 6376
3195 7819
2990 1904
4121 3023
2860 7956
6838 1653
7506 589
4563 8941
9025 4604
4789 5162
7838 5548
8865 5323
3906 8942
6114 3241
3899 2781
7540 5274
5792 5623
5380 6301
9718 1311
4269 1566
2058 8284
1456 7724
6517 2752
6830 4780
8422 6523
7318 1380
4537 6173
9949 1026
4208 6232
5146 1269
8132 636
5963 9054
9750 692
1765 8598
8019 9595
9029 6802
5540 7498
9639 9139
5015 2105
2603 6569
1490 4495
1564 6777
3808 2602
4943 860
2966 2302
3509 4365
9599 8296
4529 3183
792 1589
6388 4998
2126 4164
7836 1770
2143 6757
1931 4919
4271 127
6849 9581
9638 2701
5004 1050
151 3553
2194 4669
9642 39
2194 9952
5534 4986
2570 5139
3430 6676
1017 4800
5987 265
4754 4115
7414 4123
2970 4976
8693 7237
3860 8174
1377 5124
121 8091
5936 9493
4309 5460
177 7835
2809 9802
3567 9789
5262 9065
4870 2202
2621 5284
8075 1990
2307 3211
5391 5058
6218 5916
3503 3563
2046 4138
5357 9162
8308 7241
5928 352
1366 289
8401 1005
7750 629
7791 6483
4894 8775
7259 4500
6000 9440
9823 4291
13 4893
5777 4707
4937 2553
7246 8703
8730 9362
4362 2685
7237 515
4501 1380
8144 8976
1018 180
2502 2435
1522 1586
5851 2521
4913 1549
8137 3781
9255 3663
5287 2147
8712 262
6036 769
1312 7778
4042 6915
2959 9003
5711 2373
4827 9282
1739 4517
2911 8169
1033 4722
8799 9485
9822 6078
6979 9743
8753 1987
1324 6026
1049 2819
8336 8120
8941 3856
3807 8308
1839 6334
2958 6803
240 4409
5830 1001
5739 4945
6323 4723
9099 576
4830 6163
7807 7754
9408 2546
4007 4875
9521 934
3513 9388
7230 9281
1275 7032
1770 4290
3105 632
2347 9503
8720 5656
6861 7280
5340 3275
2909 1945
8119 3280
1208 4593
1063 6863
5938 4533
7827 4964
4149 8072
9143 1570
8814 6067
4746 5681
463 9976
8330 3791
4405 3006
8414 9990
1495 3201
3936 8355
3190 2824
8679 8560
3772 7539
1186 5660
5063 6746
6547 5401
7243 8251
2065 2469
6873 1021
147 9794
4280 6411
39 613
9108 8366
8234 9951
7990 6589
2650 1694
8740 7914
2638 2913
2556 6101
3666 8556
8888 3075
6012 6449
3243 2952
8726 2163
5287 8718
666 7743
8844 6482
1605 7070
2479 6905
8613 2890
6120 8166
8049 9484
6075 3346
9276 2098
4256 5778
9362 6929
45 200
8905 8955
6421 6429
23 4308
6705 3342
2811 2260
2739 8370
7053 5231
1659 675
3303 3159
3848 871
6789 1180
5865 4937
767 4334
8558 8330
2172 1426
6350 1800
4485 8447
981 3773
9913 3115
6595 5650
2027 7323
4788 5003
9299 4765
5563 2900
5938 6307
4351 4245
4513 7957
8215 8227
8435 792
6156 8917
6747 8826
228 8244
4595 8137
7084 703
4184 806
9652 7721
9934 462
6364 5801
3088 3164
9521 5809
8215 9812
9529 7557
424 2184
3795 2612
8695 521
4556 3819
5844 6510
9022 7849
8063 8774
4244 9485
4706 125
9876 4864
3677 125
6950 4225
7607 3732
7995 3934
7490 8616
2501 940
814 1324
9154 1309
649 3209
440 2779
2699 9612
8253 7003
8224 9816
6550 5098
9680 2927
3381 9943
2161 4864
2570 4066
2279 92
7405 4987
6378 266
296 9382
8576 5940
9297 3658
1426 3160
5294 9251
7330 6556
3114 4356
5064 240
4171 5552
9142 1207
5887 7553
7094 9196
4048 6039
8334 9850
3722 9709
7833 4255
5188 5339
3488 6134
1331 5025
4964 6230
2582 7614
2863 6621
7387 4031
5011 4652
1497 191
6556 8303
993 7515
4461 7285
6131 7433
9873 6906
264 8036
2704 5000
1051 1166
3022 1516
2466 6942
7904 2893
49 2544
6601 5039
1015 9921
3767 9556
2699 9644
1692 682
9733 3241
1981 9708
1585 8646
6367 8848
8430 8296
2258 5693
7436 2696
4034 2646
1814 6320
7026 7847
409 36
4751 8466
3214 9794
3114 391
1666 3629
8811 2555
3286 7267
5631 5146
6107 5521
9079 505
5960 6773
961 1056
9924 8907
8195 6801
235 190
6471 7253
2050 9590
9096 8549
7952 2189
6731 53
6380 6163
6605 5417
6151 4667
1332 2135
2245 4782
7039 2141
2110 4074
7874 238
7217 7894
8011 6245
7794 377
5636 1396
9343 9097
6822 2828
9371 2026
9939 5778
4998 1806
1713 6048
2416 6740
3482 6099
7145 231
4944 6820
7352 2497
2124 4235
4703 783
182 6150
3565 2955
4742 71
8315 3260
3323 8399
2582 2790
4173 8555
6352 1256
2059 7823
5232 4926
3114 5294
5870 3545
3453 6575
9296 6601
9055 7621
7781 6339
8700 1855
625 731
9307 6622
219 8440
6582 6404
1189 6536
5003 2322
7316 8352
5573 4098
4392 5271
9778 9406
9166 3344
2420 9503
8887 4352
1944 3331
6732 9509
5478 429
3073 4006
6712 7276
9969 5341
2858 6975
3876 4306
6932 7764
6423 8981
5165 308
4837 1481
6343 6014
2754 9023
3301 5421
8790 9920
9567 3530
1099 8049
8069 1815
3736 8126
1056 51
1910 4915
7257 3380
9602 5969
4931 8113
8489 1128
7254 8634
4876 712
877 6555
2669 3776
8865 3847
6281 2972
1353 6997
6594 9107
2839 2866
2465 2776
4583 8406
5832 3203
4278 8273
4343 4633
9374 4381
9849 4097
8005 252
1967 3295
9226 3727
5763 1543
5761 3428
3112 5014
1452 7085
4970 2246
1604 643
4009 9683
6236 1159
2593 7856
3150 1407
2791 2857
3774 6549
5407 6379
2388 5553
707 7133
2015 8359
8931 1974
9540 5083
2240 3024
9119 9937
7914 8504
4810 1815
3669 1777
9532 2684
3733 6525
3921 7403
8826 496
8123 9189
626 4086
5827 6407
7994 8998
1850 4572
3589 6482
6315 4215
182 9567
8252 1932
8141 3309
6333 668
5116 8589
7302 1451
5844 707
3510 9666
5744 8056
5688 4229
3692 1358
2150 5378
6296 639
3306 9361
5443 8088
6078 5125
790 3094
9430 9204
1660 3877
5127 7005
3662 2781
2461 8547
617 4142
8328 1868
777 665
4681 4253
9598 2255
7635 1018
3840 3415
6533 7566
6080 4505
7121 4622
210 946
2244 890
5624 7984
3649 411
6656 4100
4025 1614
7732 668
4041 8552
6775 7085
2451 9069
6661 8662
4061 4370
6923 8912
5970 5899
5439 101
1189 9344
3330 6547
5742 1797
7517 6326
1028 1085
5256 6958
3331 9798
3139 7905
3711 1341
7494 8180
6376 1680
2854 748
9391 1308
66 3605
2462 4526
365 6108
9680 3250
1178 9002
7323 8522
6708 2293
288 5466
8094 5398
6997 5628
8923 4972
1719 1563
8450 8705
7378 8646
6604 6305
664 5932
8790 4700
6084 5313
3044 5940
6147 2981
4717 8208
5384 5368
1780 9915
8798 4864
3226 2436
4529 7969
5435 7179
4487 1685
5978 1763
1372 3997
2046 6601
2608 4788
3382 8551
8504 2729
8224 2852
7387 535
2935 7440
3364 9917
3588 8648
256 7309
990 906
6034 3670
699 83
9775 6951
6430 8986
2553 1348
9538 9578
7056 3079
9101 5068
3090 2401
2010 1987
4154 1152
9585 9391
2485 8538
1036 7283
5064 599
9125 3761
4040 6905
1263 6971
7967 462
7224 3732
2630 2140
6586 9954
1103 5538
8421 5767
3916 2228
7824 9074
1222 287
7601 8161
2163 5917
9834 1438
1025 7835
5315 3624
9316 4629
4228 2095
2437 8102
7562 3515
1454 8831
8556 7203
227 1986
3716 490
2457 1215
6074 6608
9427 7646
1219 1018
6061 2134
9711 7378
6801 9240
6828 7529
7286 4341
7362 1871
1507 5346
4589 8608
4582 1488
5346 2625
4080 4620
2874 814
1691 94
4054 3245
9217 4289
7367 7048
2368 9524
6062 4477
3699 4568
3629 3303
9463 4392
518 7752
8273 7694
3481 2056
3719 2758
8541 5229
1461 196
9524 9088
2767 4470
4969 7171
7945 930
1971 2434
9491 1026
3389 7360
2448 7633
2755 4421
2824 9674
6717 1874
3706 9242
9508 1880
7009 9760
5219 9734
2076 7836
837 8336
4110 7029
1885 5404
5889 3702
7965 6180
5143 3387
2994 8578
7817 7976
5498 7415
592 3683
3144 559
3704 5336
9115 8026
7426 7080
9284 3031
8708 2970
6471 9275
5300 8787
4265 767
4907 3656
2708 2519
1125 2266
9899 4442
9769 4205
4412 4161
5682 896
2550 2722
7307 8089
6650 2413
989 545
1440 5180
7182 1220
6179 2003
7064 3574
7232 9355
9166 3568
7685 1124
1030 5416
2361 5983
6326 1685
7345 2572
4449 6184
1237 6857
9660 6794
898 5909
6068 380
7597 7715
1519 1161
7390 8288
53 5021
1622 6487
7311 9946
6950 5169
4835 7873
9508 161
98 3613
7965 9670
9320 2252
3145 9763
2633 1180
7960 1462
2071 609
3635 2057
1096 3355
2178 8458
1928 4029
499 9934
2089 3987
3910 9243
1293 5872
195 1359
1273 1024
1713 7993
116 2022
1165 9845
21 7369
6098 941
5888 8351
1071 6557
1879 1150
5263 9933
1773 6736
5318 7682
4912 1279
2576 9139
9285 7862
9847 3607
2139 6739
4351 6454
2658 2124
4589 3988
960 8682
6193 9166
8068 3867
5679 9915
9551 7689
4440 5141
3581 7616
8529 7212
9572 2960
4522 1669
3408 5291
8016 1836
3466 3906
957 8026
3234 7766
8135 1120
9180 8489
1547 7611
7019 9445
5668 9456
3565 8411
1757 7926
1337 2336
735 5402
5942 9884
5787 6603
8927 5689
7810 5262
704 2160
6413 674
4215 9379
5744 2380
7281 517
1087 9093
3818 9879
9267 6991
7890 2231
9999 4895
717 2728
410 8789
9363 6935
4692 6365
1029 1245
7806 279
9671 4975
8110 9617
6600 483
8399 7503
3530 7452
8300 6803
4447 6245
3662 5037
2372 6981
5876 4931
9342 8091
4154 1305
2912 6083
8619 411
2418 6611
7917 66
2462 1041
5475 5611
8024 9477
9169 6265
6160 9581
1805 252
8458 1499
947 3301
3315 9243
6370 8444
1201 3642
3710 6041
6987 8608
3342 8332
4527 301
5236 6398
3121 426
876 9187
481 6319
9422 7649
2309 5993
2727 4691
9750 3105
384 2442
2019 8517
9317 8229
9795 3369
3221 8152
3614 2260
3263 5413
7254 7877
7921 9074
4866 1057
7887 6902
4726 94
5308 6967
8977 5600
4893 3711
1064 2634
1715 4198
1230 1928
4129 8443
2038 1999
1358 4462
2469 1431
8771 351
5549 4893
8077 1551
5632 3693
9004 7663
8284 4800
2177 7010
6934 3294
4434 3898
3362 3194
6400 3159
7075 9279
5681 1233
9751 213
3319 1593
2591 1980
9405 787
6907 5702
2437 1915
7885 3723
7520 884
4294 794
4722 3706
4747 1829
7793 8621
1063 2078
1848 5427
7477 3053
574 3665
4393 9244
4709 4462
6749 1275
1812 147
7264 9319
3774 917
1320 1345
7622 4309
1524 8398
9136 6025
9468 4934
1464 1344
1085 787
6147 5109
9703 2863
4354 9954
5067 1639
700 1215
3002 8225
2752 2315
1940 8806
2329 363
8946 259
7662 3765
7314 304
7118 3089
4440 5297
3554 1430
6862 303
1835 3057
3817 3422
5418 6241
4948 2454
2490 9127
1618 5702
699 4524
2655 4528
120 298
4594 9861
9957 3035
387 2872
1260 9696
409 4002
8370 5756
836 3106
6120 4073
1196 4923
2607 1467
5188 6025
2520 248
2129 1805
7463 4438
1646 2542
9304 4380
8397 9490
8785 7170
5371 5435
2936 6913
1685 7705
3146 857
9894 1644
8169 4040
1828 1415
6143 7203
1112 6479
3777 8754
5498 8951
8361 4216
4438 781
6762 8049
7867 4339
3351 199
6085 6923
6847 6357
7883 9704
1617 5793
354 3756
4958 1188
7617 8453
957 1341
6920 6341
145 5121
9855 2952
6685 8120
1033 6303
5387 3745
6306 2280
7977 8690
840 9016
7493 5850
1276 3565
4577 8563
3623 1379
9636 6693
9653 198
9384 1762
8881 3617
4078 9408
6843 4644
9986 8616
3433 3373
7070 121
132 5414
377 5852
4127 1824
8311 3408
7005 6384
9930 4274
7227 3682
1466 176
3104 4160
1811 9734
6364 6475
826 5571
6451 2774
6978 5635
4867 8783
9640 6532
3668 7697
1731 5117
4819 7618
1168 461
4890 8517
7889 1371
758 6357
4312 7835
115 2020
9643 9972
6722 803
6678 7399
7718 3540
6575 912
7218 9889
5563 3768
2629 7262
293 355
8556 323
8848 8612
4482 4744
189 4842
3920 1002
8435 7415
6085 1778
233 3520
5901 7012
6532 3560
955 3568
5751 6726
7190 634
9402 8475
8920 528
3105 8841
7858 2506
1167 8121
4053 2355
3925 3672
4509 7454
7981 4380
5179 3454
5136 549
4269 6696
6196 5640
1515 4727
1587 4994
1595 6007
8005 9851
9458 1987
3109 3200
3679 2546
2540 7846
4275 4799
9824 8104
7367 19
1129 9118
7770 4660
1884 4246
3888 4391
3937 25
7493 1080
3171 1592
3148 5276
3740 4543
7778 9715
2976 4962
501 9696
8234 7425
7386 7581
4227 1259
1402 6208
5111 7670
4238 6359
7279 108
5012 5766
8528 2514
8560 1196
4066 8030
2796 2312
5030 7295
8054 2054
3002 1420
744 8244
2655 7058
3225 824
9060 7835
5777 1033
2488 9270
7272 8603
498 7032
7142 2879
1232 6131
3879 6448
6864 8111
8284 8758
9526 1366
1232 9732
9217 6335
5423 6079
6059 1927
8334 5437
4039 7477
8397 8985
1241 1293
3211 7244
3639 3810
7474 8993
5352 7533
3272 6579
1692 5364
3894 7652
5749 6419
6524 7727
9679 4006
2652 6201
3093 9321
468 6992
2258 9160
4577 9947
7073 190
7952 3672
7411 4664
6355 3620
5204 7274
2834 1202
1087 965
2014 1151
1000 9463
1010 6006
3143 3767
131 32
7705 4714
4423 2986
5615 9009
7540 7987
3607 6437
6471 7777
4973 2293
1623 3000
3552 5740
4815 4331
283 9153
841 5714
396 640
4649 1146
7994 662
9654 9974
7480 5190
1220 1922
9680 8701
4113 7287
9655 1371
6256 9360
8935 7693
8434 1380
810 9971
8071 7325
9883 942
5640 5538
7222 8295
5925 9795
441 6426
997 6414
9590 5956
8829 9407
9518 9060
5203 4127
7146 6354
1583 1867
9706 5859
2223 3795
7452 3359
7895 1426
3643 797
9823 9949
2647 9073
3104 275
2743 2160
5070 8851
3764 5046
3520 6003
3806 9653
512 4006
4774 5038
1797 5373
5521 6044
6330 704
2663 644
9244 9091
8295 2380
5661 8454
4030 7023
136 965
8004 2662
8419 8914
4874 5233
1878 9601
477 775
4004 4408
9197 6614
9931 9420
4232 1174
2141 5953
835 5836
3337 3699
9105 3158
1116 2455
7860 6822
1939 3760
4815 7822
4846 661
1540 4406
5942 9725
8160 4969
1859 1917
5548 6018
7335 1007
3122 1029
2914 4051
2163 3472
9125 7609
5386 4366
6869 2819
6298 2879
2720 4106
3924 429
7828 4822
7221 4899
1590 1582
4131 8856
8181 8416
3065 211
919 4959
9482 1937
3621 7403
8566 8022
1925 8335
4489 8330
6156 500
1739 5192
7130 1961
408 2668
1706 1573
2787 7060
8482 3886
9450 574
8724 7868
3008 7700
1022 4880
6495 9438
4352 8392
9733 1850
9854 6063
2795 7027
4277 1059
4039 1096
1247 2655
9084 7943
9911 8650
6959 5213
3466 9753
3603 9443
5559 4434
8593 6624
8415 9482
5538 8617
8324 657
7265 6457
6203 9518
4971 3738
3349 9909
5348 8337
3038 1673
2313 2587
7659 9882
926 8000
8743 2803
3489 2128
3395 9119
1886 4897
1400 4849
3087 5260
4049 2424
6002 1417
3281 7709
2484 8309
126 3970
5470 9114
5305 8103
3227 3209
9763 9872
123 4363
8774 8736
9716 4233
9332 4268
7585 4139
996 7460
2958 720
5198 4685
1516 7453
2126 6293
8248 1
3671 5873
3389 8908
424 8948
1158 5022
1953 1544
1452 4849
9946 9869
7277 2383
1131 9473
4766 5120
7281 9980
9589 2114
7375 2232
4942 9820
7575 6424
4935 7661
6791 5828
6874 9354
8784 4599
4729 6818
5057 1514
2152 5769
4964 5782
446 3650
2873 5827
8279 9395
7025 4216
2354 7858
3152 3562
4909 3796
5552 7714
7021 8791
7458 9446
3462 9351
1220 6720
6001 2531
9831 4627
4202 6187
7157 5109
9746 9051
7296 695
1530 5978
84 2338
706 9824
7015 5265
5875 8152
1741 789
1703 6702
5949 2227
1719 2154
2785 729
1180 7793
6558 5102
1733 559
3568 1885
4565 4113
1629 8156
9855 620
9160 4670
312 7329
8125 1542
4680 4440
4731 6320
6825 150
3815 6688
7155 4474
6954 9063
1516 6881
9129 1434
9169 4101
6163 9862
7186 3686
2516 4109
1523 2254
853 1114
8013 8660
1312 6857
3274 7793
4056 8445
6320 6212
2811 3339
5442 2435
4852 5059
742 9075
5690 4587
9460 5186
2978 9571
8296 1024
8358 2941
2735 3642
6604 9624
798 2009
3874 3362
6457 9470
7702 2314
9799 3259
3570 6924
733 1935
1689 9453
1905 476
7913 7854
8920 9515
2015 4973
4761 2400
9807 8296
8479 3895
8036 5473
322 7920
9019 25
1181 6684
9506 2017
7926 4806
7923 5442
3351 7972
6053 8228
3883 2474
1956 6426
9296 6184
1479 4473
4015 8483
9976 6197
8126 8760
8299 3040
6671 4475
6192 9386
2743 9220
8242 7389
7949 2007
8475 3601
1399 1234
1895 3087
6008 4152
278 2015
380 9303
3624 9868
5540 2274
808 3054
7588 4677
4594 4581
4675 8440
786 6358
1926 9898
1473 8034
5421 2518
8 8578
138 8637
7579 7607
7522 6168
5626 682
1629 1131
434 7486
302 7642
1993 9046
1067 7064
3227 9451
8335 7335
7277 1979
3398 6523
4652 7006
7755 9745
558 2613
6663 2575
456 9527
5217 2577
8216 2574
5071 568
6997 8479
3931 7714
1570 192
1745 774
7807 8532
3727 5993
7540 9891
2238 9178
8003 2373
5555 7290
476 1772
1623 7081
5258 4278
7184 2603
4167 130
1739 6706
8783 4895
6461 7709
4860 4716
1644 1255
441 651
5812 6552
2852 1899
2280 561
9704 271
3917 6863
1920 2543
5374 5302
2184 2451
6433 416
9834 1090
6503 1803
4813 2627
6854 3806
852 5451
5404 3988
3127 8889
9412 6295
1974 7757
6287 7933
2615 6367
5311 2404
5858 6750
8402 999
6569 2073
455 1113
8523 402
3740 6543
4386 7450
7748 626
7911 3426
9164 3775
7322 4298
1259 8636
7591 133
2333 5580
8561 1224
1333 8731
9146 1086
3459 7639
5828 272
2767 4036
2267 235
9529 1580
7749 9513
1738 1126
1969 2815
837 5837
1912 7870
6492 5397
4706 1938
4605 4768
1440 9565
1905 5451
4122 6450
1815 3717
2430 7858
1501 6916
8356 1878
9394 2476
6309 9691
4966 2356
4069 4259
2004 4748
7393 3062
6575 1879
3124 67
5881 9618
2948 7966
3939 250
2008 9536
955 3414
8719 9385
3283 3857
6257 6927
9881 5257
8242 5410
6874 366
3353 6114
6969 1648
3309 8909
7625 8352
745 8341
4516 841
1030 794
7529 2321
2014 3237
8162 5382
8019 8143
7320 2597
8155 2664
1507 2460
8167 3049
4250 1154
3913 9119
8280 1229
4881 3706
231 1423
3156 8191
6190 9812
4584 4221
3730 2726
8622 7973
4183 6767
1974 9560
4011 4515
8637 7370
1160 8360
3235 3812
7108 2055
2649 3442
7516 3869
7212 7587
2144 8567
262 612
4203 8199
6219 5587
8434 9598
5689 9530
3209 7565
6847 9945
9985 6763
8822 3459
4391 6717
8862 4915
5336 6584
5195 8085
8355 9792
1484 9775
3366 5523
1873 8244
536 4511
8966 9235
1675 9852
923 9379
4531 8801
8091 8469
4283 6951
173 8441
6598 8379
6979 7372
1589 427
4423 3906
8581 419
7724 1632
8058 1899
6995 2215
8624 2072
6459 509
9779 2210
5463 6100
3893 5147
9867 8682
4915 4160
1770 2700
8071 1111
6154 7294
6353 6324
2698 8703
4110 1615
4463 6072
2828 9917
9212 1985
2580 1188
9816 3426
9458 2804
4723 3269
944 6920
1198 678
9126 1374
2105 7366
6499 1950
5646 7485
3549 3342
3020 1567
7968 2634
7194 3863
3555 121
1904 3249
4489 175
6765 3353
7629 8445
4222 7629
891 411
7046 5976
3033 1858
6807 5947
1457 8037
819 4384
8725 4833
3468 2728
8473 3898
5945 9544
5564 4652
6355 3350
3889 4848
1013 3002
4599 5053
9011 2746
4801 9218
5602 3138
498 8381
6890 5762
4594 9081
5982 4479
8514 1163
7819 9423
1807 3353
2272 6503
4564 171
494 3160
810 7597
7887 7235
9482 1738
3948 8501
805 2952
3925 5967
5931 8836
2567 2595
4205 2445
3213 4159
8399 1374
6147 847
8659 4804
5617 8942
8352 7937
4001 254
9110 8307
8299 3121
1768 3762
4508 1367
7776 8048
7319 101
3197 1177
7178 3678
7876 374
6431 2152
6457 1677
4529 6586
8454 9316
4266 4162
7679 9592
994 3423
5654 8784
5492 4369
9665 8272
3382 3325
865 6719
1940 1048
1329 8176
563 917
6080 8536
1049 2789
3535 9768
1901 6609
7792 8838
4515 5587
1193 6999
4692 6462
1405 8960
2016 266
2570 6659
1268 8695
5111 7320
9989 1675
998 5715
2109 2787
5172 7021
5483 353
7313 6694
3533 5807
498 6303
640 3327
5042 1179
5712 5793
6541 4249
1811 8163
7434 554
4313 9758
3891 7251
7092 8398
7860 5760
4856 7295
1000 4391
9136 3386
4110 8516
912 8799
9880 7276
9786 784
1648 1398
2915 2241
5695 4543
5862 923
3946 7109
4275 7719
9353 4095
6632 4050
5288 52
6321 5942
9771 8205
6637 987
8132 7910
4090 1827
2845 1690
9216 4539
2486 5773
4097 2039
6380 535
3420 4736
1307 9288
3196 5773
1215 9915
9956 1076
9349 3414
8770 7007
1180 8393
3971 4293
8614 4815
3288 7260
7510 2989
1849 1552
2356 587
5301 307
5432 5995
4262 195
1667 446
3265 1524
4320 2300
212 3272
5127 3684
6641 6845
1628 7490
8050 3359
258 9354
5931 8433
2530 2180
5068 6185
8833 1358
9717 7516
9788 7053
3569 8517
4681 4582
7318 3794
3796 9469
8211 7456
8815 9016
4668 4893
6500 3670
4140 2924
3190 9826
8236 8453
7141 2607
2569 596
1103 6780
4991 6071
7792 5831
5468 5896
1169 6956
8698 8776
3785 1160
2340 5597
6191 6601
3676 5269
2116 8951
3659 3380
803 6329
5890 6450
3447 5167
2545 3590
103 5432
9992 7921
544 9588
2120 7886
5955 4628
6672 5178
2101 6497
1362 7762
9565 6093
2966 9575
2656 4999
3666 2090
195 6029
4592 21
2715 4359
7029 139
5756 484
7693 4376
7131 646
4554 6420
9571 5873
9481 7288
4684 4682
1277 7272
1151 2315
263 1509
1346 989
6562 7427
1272 2268
9337 1186
9899 4090
7287 3951
4661 8897
6179 4766
6336 5552
890 9939
8532 8127
1240 5620
8082 1280
7503 5893
9784 3413
2874 5843
7919 9593
5771 3124
4620 345
6752 5984
9894 375
6053 8150
4342 3694
4070 2470
2140 4630
8195 2473
7500 881
8125 8651
7262 836
5698 7164
9793 1931
1634 7169
730 8331
2968 1231
2514 8329
9570 4110
3029 200
9876 5985
4710 9418
7325 5415
7211 6977
4475 4522
4549 8664
8211 5040
7683 2454
9929 7674
9316 1379
27 6029
333 7931
5631 4532
3444 452
4026 3974
3328 6921
3186 485
8598 7652
1603 1473
5434 9329
2858 1417
2035 7332
1438 6893
5009 6234
3417 257
6414 7892
2227 7710
104 3230
2561 3
7041 2202
7006 8268
9620 9232
5960 9267
4035 1719
6422 7393
8241 7824
405 8003
5323 3456
4501 6371
3258 5527
9830 325
1636 7925
1758 3810
730 8542
3367 8919
1013 6105
976 1347
6763 5456
1384 7894
7861 5695
1563 320
9982 8154
9395 8433
4475 7973
1938 5182
1887 2452
3442 3906
7213 5824
3209 2783
2270 2205
9590 5412
2617 4495
2494 28
5776 4344
1693 7967
3875 3381
3651 1433
7704 8276
102 1244
1941 6709
9144 6641
4853 7561
5427 9967
3947 6797
4850 7447
5814 3589
6867 6011
4507 6423
534 3372
6188 922
3634 4407
2830 1423
9614 8204
6298 3272
6935 8139
1543 8071
1052 8455
9943 7843
188 9684
8672 705
4668 4874
8670 8364
2902 1005
5408 2710
2432 7361
2371 4901
6200 2849
2332 9052
9035 2846
871 9359
7027 8354
6505 2396
2530 4158
3667 5847
9111 7082
5996 6
8458 392
7514 2308
2115 4465
6527 5962
4815 7979
8771 4063
3747 3999
1008 996
6142 2961
4529 1627
8410 7731
4995 7239
352 837
899 2153
7328 3053
8295 2824
3979 9656
3190 5125
8532 6814
3963 7808
8368 9891
3103 1187
1630 5209
9788 4700
4151 3293
2693 1803
6114 5537
9007 3123
7457 1666
3306 7241
7533 2956
2408 2283
7949 6254
9370 5523
8745 9195
5315 4807
7053 4856
3571 9536
1091 191
8199 8967
9114 6098
8204 7814
1521 429
3312 6377
5263 2469
2618 6235
1560 6275
3177 6330
5758 3543
7009 631
3345 9074
1995 5364
7172 8098
8136 6631
4159 1948
1071 9611
4445 5567
8129 5457
5640 8147
3007 6181
3144 6574
8176 2895
1392 8268
3928 7858
2961 2048
5500 1908
3127 1556
1748 8029
4393 9697
4447 1260
965 5286
784 3289
479 2442
9244 4427
9472 1958
6360 8510
7843 8614
999 1007
7785 8932
3098 978
6755 6086
2805 2302
198 7036
1021 4339
122 754
8410 4940
6285 9699
9922 7216
5541 808
7924 7261
7414 724
4773 5073
6162 5086
8234 2532
1571 2781
1046 3299
4064 2411
9350 2707
5594 3647
359 2264
8742 1439
3070 9493
7368 650
774 8064
2809 8589
6837 2743
3007 1973
4866 844
5455 4884
1073 1848
4395 5381
8546 7415
5007 3934
98 1306
4756 5457
9678 2978
1287 231
9391 2779
3264 2008
3774 7408
2537 9945
4702 4386
9207 3442
4431 5440
2550 3054
4487 4667
9043 8873
7873 7525
8684 9949
5303 2075
6138 1465
10000 8984
6661 7896
4907 1159
2428 679
4224 2950
653 1555
7112 3631
4780 561
3218 9874
5575 792
6761 8382
1874 584
7159 1234
5429 837
455 6436
7299 4770
1619 5194
9575 1045
4950 206
2234 7285
4997 7918
4068 8093
8514 9775
5406 210
2550 340
8350 1210
9912 1009
6694 4661
7053 2594
6254 7052
3316 3753
7386 9337
9316 3713
2735 4131
4154 8339
7402 1458
4896 8344
1245 165
4559 1092
3444 8271
2568 9625
4058 7599
8849 3253
1718 3733
1600 2861
9495 6773
5977 623
5064 9255
8451 5431
8774 779
3996 9580
5265 1522
8150 4968
8396 5155
904 6609
4424 3644
8044 7634
9761 1515
5841 719
5060 707
8465 1405
7639 6390
4150 8415
1528 5237
6931 109
2258 8861
569 9022
9385 2745
6982 2105
6491 9699
6438 954
7780 2521
3184 2898
10000 7389
1632 3717
1000 7785
5812 4245
4795 8835
2208 1638
5149 7417
7809 7186
9451 656
4303 7838
3769 2646
1019 2344
6520 6330
1294 7967
1197 5088
450 1271
1722 4154
1964 9889
2475 7729
8062 1551
2070 8993
5698 5108
8444 1658
393 8267
3757 7600
1905 678
7448 4554
130 57
2530 508
8887 5766
1778 5414
6185 1194
3029 832
8654 1212
3984 9814
3919 9078
5558 9706
3079 8333
7394 9869
8766 9322
9759 5895
9153 2450
7544 8310
2743 6904
9125 4332
7526 9070
5843 3613
7254 2547
922 6620
8238 3894
2810 3227
9402 6225
7332 9868
5076 2117
3327 8221
6138 7396
1509 4828
3986 2878
2820 7144
6229 21
700 2537
1877 9272
9212 4630
3640 6452
5006 2964
5925 8825
9349 1040
8420 3468
6345 8925
2527 6021
6655 725
5192 5252
2884 2055
6051 8747
2750 2511
2101 3397
5148 6473
7406 2347
2230 2430
4200 4616
3493 3861
1932 2419
7363 4843
8180 9244
8129 2613
2149 5213
492 497
1017 2031
2253 1263
9722 1404
8432 127
562 6472
4864 2615
3537 5576
1078 4178
3519 2292
201 3874
3518 980
6343 2424
8836 8864
6208 9171
5577 5687
4140 1023
3402 9001
3219 3834
8001 6719
8144 5332
3627 7406
8726 3346
1198 3972
5993 5174
9200 7128
593 1050
5480 9662
9132 1047
1616 3506
4135 2643
5184 7434
2369 7613
6112 408
8270 2029
7774 3152
9294 4512
2903 1635
3507 8864
2044 1018
7584 6310
5153 7114
2657 3684
67 317
3944 6082
2855 9281
1696 8819
1138 6618
383 827
1927 8395
888 1733
136 3847
8351 2175
2481 6976
2854 2390
6590 2558
4685 9791
2679 8454
5383 8739
6630 4769
6324 5527
9106 8610
1498 9487
7190 1038
6927 4796
2483 6475
2857 4974
9056 7181
7605 3395
5328 2487
3831 773
5526 2815
5999 7804
6077 1288
9312 1446
8783 2054
2665 6651
2909 3685
601 9607
9879 625
9917 1879
7830 5269
1006 1280
4346 7228
5682 7853
375 9518
2308 5636
1007 8781
6588 8240
9771 4121
6809 4675
1206 111
9424 8723
5456 4517
7806 753
5801 5119
9473 9224
2110 2812
9740 8171
8283 6744
2695 792
933 3203
1948 4470
7735 2524
7802 9302
9373 7371
2530 2316
4841 406
4826 1780
2014 3722
7152 8632
8962 895
9959 5604
3632 2297
1570 4001
1808 3687
9378 9937
2819 369
5853 7828
9459 3369
1954 7101
7530 5177
7625 4978
21 7193
3756 3295
9741 8986
4267 4117
1220 3589
5722 7237
4582 9878
1893 1
7663 39
5000 6530
6330 958
5113 3923
1294 1530
2851 7069
7432 9892
4212 8923
8529 6654
619 8020
9339 5597
7287 4691
4496 8814
8402 7823
9092 6910
9022 8778
6050 3268
4969 2476
4532 9715
5645 437
7241 394
2763 2590
8489 1183
5040 7216
8388 4490
7454 1098
5929 3823
919 5751
7321 4149
7118 7500
6810 9723
4102 7564
1574 4141
3265 5362
3406 7721
4530 739
2467 4167
3212 9608
7540 8705
9837 1066
8694 9724
569 1035
73 3338
4931 1603
3705 72
4639 7378
8499 8870
6268 5740
1248 2910
3293 9177
7742 155
2052 9415
9627 5592
9425 5959
8005 8340
9017 6433
9450 1334
5685 5036
1468 8893
503 4365
1440 1823
8305 5967
5235 7332
1260 3709
4493 7783
9557 9453
3664 9375
1345 7365
8806 6874
6749 9390
7998 1595
5355 8340
8930 4766
2018 9881
5281 2240
2002 388
9592 8928
7654 6782
872 9264
6544 655
9727 6041
4029 3962
8261 1415
6120 7980
5924 4835
1291 1569
8769 7796
5631 3196
4358 5176
2578 3388
1071 7595
1360 7356
3402 1287
9736 7837
3313 2424
4075 8585
6653 7117
5948 3316
485 206
6408 5793
8406 4294
9997 2559
5381 8999
1609 9370
9262 4307
5389 2439
4332 5090
4522 4951
9870 4037
3737 1457
3154 5332
776 5727
2393 9658
786 7734
4516 2103
5068 995
7526 2355
4331 7201
9356 790
3762 8950
6128 7019
3782 6397
400 4718
7417 4737
856 9604
6450 4864
5438 7552
5497 3354
7881 7486
4313 8211
4703 6182
7214 8111
6858 3111
5487 6816
3889 936
6719 3873
7130 4055
6731 597
5018 7221
4881 5892
3906 7750
2863 2155
9037 2894
1438 2635
3900 9119
9426 6627
6401 1750
7250 552
3999 6421
2414 8677
5691 4270
5992 6598
3375 5892
8474 441
7776 6500
6363 1892
8273 7105
1875 3479
5814 5566
7123 8243
8397 5161
4604 8308
3802 491
8804 5886
2069 8999
6413 8504
1552 1660
5634 4682
3834 4298
4134 6667
8696 6312
8003 1261
9873 2948
9351 423
4477 7116
4875 186
4262 1871
9540 1582
4146 2199
7264 7101
7740 3920
2462 1802
4294 3268
4979 4751
3070 7069
3749 3204
9374 823
6724 8094
6969 7511
7085 6710
6660 9012
1577 3726
402 5324
8339 80
9103 5336
4280 5514
8769 2800
277 2672
2691 8951
9444 9651
9224 8697
167 767
5024 7280
6824 1204
8975 133
897 5200
7693 9262
5640 5101
1729 8860
6400 4729
2055 2868
3964 784
4273 7393
3483 9390
3213 554
6440 9134
1408 8247
5572 328
2584 4687
1547 5914
618 4178
6242 1173
6382 5683
8698 5956
7783 2564
3550 9789
4709 6027
1366 8010
2279 2637
6569 1943
2968 677
7790 3574
284 640
4256 9507
6680 7939
9377 2786
2938 2938
5479 1970
9435 2214
8015 2490
9280 1949
8 7364
7233 6207
8005 6227
9569 5474
3763 6187
6377 8130
6176 4405
342 571
3853 2763
8680 1485
880 3705
5033 7389
8829 4761
4154 2464
32 3743
9721 1004
5474 7944
4990 10000
6895 5333
6668 5551
4973 1097
3392 6143
5371 2238
1589 5443
7614 8991
5664 9175
4689 9954
525 3224
2470 7076
1910 7701
2310 1714
7535 6233
3675 3701
2522 9149
6336 2389
6714 344
1806 3131
479 1980
2265 4958
5083 7515
2822 1272
9992 9359
9485 5666
6360 1453
1558 4610
3628 6798
3790 6682
6327 1090
4832 2857
7546 1153
8507 3750
7492 9215
7928 4581
7747 9624
659 6024
324 4751
400 7709
118 9084
2240 457
2736 365
5222 8531
4369 7901
2159 8638
2910 2364
7482 5359
8363 8511
845 6508
6917 6218
5190 7487
183 1078
8713 6927
6791 3888
9168 9968
6020 8287
8068 9820
5421 1291
7133 6282
8357 9611
3298 8361
9531 3388
44 5464
7207 9991
7939 7625
7849 9124
6150 1067
8848 6329
8651 6542
6481 4050
1610 811
3703 8694
415 4265
5387 7262
6355 1534
3779 1097
3567 1530
9827 8241
6695 7035
1005 2943
5310 5482
246 9865
7230 2012
6328 6129
2006 8207
7944 234
4344 1247
3188 1483
965 5390
3745 1179
9866 6939
1215 6502
2274 268
7764 7507
2453 2104
647 1320
6257 6374
318 7586
385 2409
352 4097
7128 8265
1566 6035
4760 2877
6290 6726
2097 6035
3613 8584
7263 8323
7312 1865
5708 9786
8338 2408
3 8675
3997 9969
9703 8203
432 6003
7988 5348
378 1569
9035 2938
4843 6692
3809 1784
6589 5836
638 1043
7477 7704
6055 8222
8612 6252
602 5304
8090 4897
2674 2596
473 8604
9448 593
4045 4807
163 7313
6104 748
6318 9779
7192 5699
5499 2478
5822 8057
163 3192
6519 8957
8104 6355
4091 6917
3663 8716
5757 6657
2352 7624
6143 8381
8273 3088
837 8138
4007 3172
8825 9094
6672 5269
6947 2328
8172 7714
8678 3494
5419 6186
9994 9277
6708 395
1367 27
1140 9358
3610 4983
3762 4926
2253 7483
7604 9292
6607 4630
3339 789
2237 6278
3805 4053
1892 6376
9769 2147
195 103
3791 7187
8528 9169
5515 3069
1911 5186
7474 3187
7159 1053
8865 6595
4968 1541
1397 7514
7529 8527
6178 3354
8538 4381
9097 2321
9886 8446
6431 6821
3613 5882
6714 9078
5272 5466
653 8618
851 345
5115 4662
9956 9066
7266 8971
6312 4748
2047 3540
1963 6945
5269 2535
595 1620
5199 6280
3798 2042
638 8467
7269 8645
654 1611
1304 9285
6196 4351
4663 457
5997 6414
827 8918
4570 5309
9954 1045
3819 4263
8911 2191
9268 6842
8069 6963
6903 1214
5199 599
3047 7268
7390 8781
5818 7541
6383 2187
7774 5247
8130 8604
4135 809
107 5193
5912 7895
122 5191
1790 4656
3773 3921
3582 1019
8593 4403
9026 6097
4456 7545
3461 809
4968 3095
8977 4118
7455 4897
1491 8427
2813 3386
8141 1446
9276 2375
2986 7722
6547 4662
1188 1781
8697 4319
5661 1511
3677 1927
282 1909
1923 5223
538 3071
7093 7752
2363 4183
1172 8506
6866 3372
6243 2648
800 8996
6039 4
4085 4337
8374 7178
6935 6612
2983 5689
1570 8654
7940 1711
9375 515
9467 4698
2407 3649
4067 7544
2101 5509
4861 9047
1110 8241
8750 772
8891 7583
1683 5263
2657 6046
9555 6940
4345 6073
6987 8399
6312 6990
8270 9811
3913 4890
909 7757
1504 4781
5875 9995
6932 1400
1773 3430
9522 8040
1273 4231
3217 3195
888 6700
256 5001
2721 7703
9576 3943
7247 3067
2441 5574
4260 7343
9686 4125
523 1325
4499 2492
8431 2590
4472 9222
2825 8331
6725 6739
8112 2922
5339 3429
5842 5088
1127 5976
3304 2531
5537 1757
5320 7423
1323 4682
5051 5672
2760 9504
1560 1724
665 6996
4651 7646
9441 6352
189 4612
396 4419
5713 1189
7614 8038
6056 5363
4356 3630
4783 8787
109 6790
8008 9010
9331 7025
6518 2103
5270 9083
8108 8670
7969 9244
4238 1940
2167 731
7911 5587
1915 2084
875 6592
4570 3136
2348 2223
9523 7696
2837 3468
2874 2161
9487 1270
540 7724
4515 4285
2994 1032
2879 9967
6191 9906
9809 4820
6124 6414
4244 6411
8208 8081
5504 1889
7947 2372
7491 144
1003 8960
7934 2943
2725 8656
9148 7231
7376 5972
693 9202
8938 7785
6665 6971
4452 3696
3287 7848
3295 1433
6220 1478
1223 7920
7098 2317
2708 4456
1762 8639
8475 3653
8405 8253
5073 3166
1136 2405
7951 8095
6575 6193
8691 1667
3700 9322
6466 3868
1947 2089
6784 7759
2287 5995
1808 9984
5609 7560
8426 115
9835 1714
6190 7958
6835 4737
2161 2412
9679 9939
446 6934
5862 496
6174 4701
3204 635
6689 4716
9564 2308
832 2512
3596 2615
1821 2628
1910 377
9073 9972
7603 3626
738 3097
3119 9923
9272 2255
6343 4920
8085 9459
4544 859
8985 6738
5339 311
3394 9841
7333 2371
6027 1134
3735 2140
1078 3326
774 1386
2253 2324
6484 5526
2960 8060
7975 3994
8445 3707
4433 965
9138 2499
6658 7031
5237 53
9385 2881
6091 5506
7641 7743
4893 3086
3818 2457
9922 2528
7076 8467
5553 1876
6703 9972
9004 8572
9908 4136
1835 7083
5788 2390
3978 2226
92 4372
4769 2993
4042 6725
2358 5763
275 8656
7481 7424
7459 3281
1196 9616
903 7686
4022 5431
4453 6817
5402 6107
4816 5333
6551 8732
6642 2861
3474 1043
1160 2481
2902 2121
5848 5844
37 1537
3137 1573
7738 8837
6896 1187
1638 4097
9354 2728
4623 2393
5048 2024
8307 9794
6618 8591
1714 8047
9854 2827
1635 7928
8800 7529
3882 5936
9810 4859
434 2560
9229 3419
4524 7095
367 5459
2411 9249
3171 4703
9804 1791
4166 4976
911 6522
3749 4671
6472 3849
8561 6532
8521 7646
6681 3346
9673 1412
9352 3704
937 9691
8856 2641
7647 3899
7762 7952
8162 3372
1606 782
6545 9129
7759 4909
5896 9465
7327 187
6 6837
8536 2352
6920 8648
7468 3568
3006 7286
3125 8966
1392 4620
9726 1688
2958 6107
2812 8951
6642 3326
4587 5863
4641 5198
8300 7613
1134 5315
7580 7918
8072 9383
4563 8559
6745 7682
291 4299
7871 6187
2344 3577
5975 9994
1287 1655
1300 3018
3787 6134
4194 9497
4604 684
5962 1881
7179 1623
1030 3445
6064 7059
2537 4104
7148 9491
7213 3017
3372 6494
124 2490
8806 3642
1287 5324
5671 1335
6472 6017
4327 2294
4018 5648
7238 3336
6245 4508
1906 8895
9001 439
5443 4694
1291 2368
4967 4373
8291 9344
379 7676
4166 9908
4569 9246
4106 6355
483 1765
3859 24
5571 802
867 526
1458 1932
8842 1288
9690 3819
4744 200
5866 4950
3352 762
7043 1930
9517 1260
133 8785
240 1449
8227 1399
7514 3886
7472 3969
9947 6694
484 821
3395 27
3649 9958
6742 4132
4072 5025
3963 462
2963 2278
7198 2848
623 9786
1523 8942
5592 5911
8601 2032
862 5981
2658 4012
7055 8561
8756 3567
7088 6367
5590 7584
4275 8093
762 8333
7799 7678
6934 2131
700 4854
5562 4081
961 2178
8013 5721
918 8421
537 7641
4718 331
2763 4537
2352 6264
4625 7072
4124 3738
415 9728
7558 9934
3930 5147
1443 4211
8569 4053
4137 7979
9681 2880
8149 1511
950 7894
9496 5021
4987 6620
3598 3660
3294 3348
6119 3951
5266 1383
3962 5141
3624 8064
7125 2455
9380 402
3792 1228
8016 6343
9438 7339
1634 2408
1876 7351
9535 8577
1866 8208
4670 6014
7356 2357
8057 3552
8755 4830
6610 347
3567 6563
38 4236
5049 2074
9230 1415
6605 1957
3834 4542
1325 9854
2093 6429
1080 6007
6135 6092
4195 4707
6846 790
8132 2493
4733 9717
1330 6604
1124 4065
6209 8366
5915 861
939 3649
2323 8769
8710 505
9468 36
7308 2491
9108 7844
8826 477
2064 1872
8510 7257
9838 736
2233 5652
3464 3834
4680 8424
8983 5924
8233 4226
2675 8457
6200 528
8749 4433
2480 6243
122 4428
6090 3313
3275 2288
5209 9922
952 9855
162 647
9655 3609
553 5464
2177 5388
4573 3122
6247 738
5246 4810
9636 9439
9811 1431
5497 6561
9105 2077
6816 4878
3584 8374
9749 4216
3302 4540
3851 6600
2613 4927
300 7961
2062 1507
1777 276
5070 6392
6557 6458
3351 134
8711 7348
2896 2947
9060 7164
8553 5745
9803 646
8930 1574
8652 8172
4835 5255
7225 3921
7745 2532
4828 7762
9978 1358
3327 4339
3966 465
5885 6819
7039 1096
2817 3530
1337 2450
4124 8221
6087 6838
6724 206
4601 2736
4492 3751
2974 3673
7268 8143
6129 4179
6294 147
5437 2127
1583 4934
6668 3991
4569 7184
233 2299
5530 3947
2410 770
1408 3169
5887 8648
9786 9584
6053 2975
4349 5408
373 854
5623 3914
5873 9461
9787 4542
9327 2721
7902 6974
1652 1886
8615 1027
3547 2118
4543 7612
2451 3650
3785 4108
70 9756
8422 8497
7015 7819
1536 9634
4531 3136
2238 7703
8786 5447
1134 9745
5875 3471
6772 8481
9329 8872
3947 9221
2769 7931
926 12
5907 1376
8554 9944
1071 3318
538 2463
9491 8136
7759 3004
7292 6005
2150 3417
4284 7631
2107 8335
3041 5955
3490 2375
1107 1258
5921 545
6610 4355
2406 5915
7324 2801
2622 6559
8636 5080
5968 5936
9850 4725
7528 5057
4600 559
7594 409
3708 8540
4201 6918
8669 7696
8662 1760
9226 7686
2966 9115
7208 8388
3305 3398
762 4679
4804 3680
340 2677
4529 9435
8262 6465
5892 1751
9215 269
6910 3688
2318 6351
2602 4693
3114 6444
3008 9371
5061 8852
8745 7135
8104 5721
969 9334
6498 8254
7456 2842
4800 146
372 4847
2815 6929
6125 1007
3186 551
4811 4493
3903 3247
9737 2593
654 3073
6373 2721
8085 4867
7510 2596
7247 8640
2689 8557
4963 2028
5432 8919
5595 2842
3622 8090
7230 4509
4779 7537
2815 8217
9140 4191
5027 3787
9580 7047
9584 1746
6869 63
9789 8143
3111 5043
8742 1162
7794 6795
2459 6699
469 5098
9320 3816
1523 139
8559 6498
2281 9681
1165 8356
1007 6307
1234 115
3566 2653
4645 6244
2379 7267
3511 5467
4649 8200
5203 2888
6242 4614
6101 4806
4661 180
1233 8394
4759 9857
106 6573
7105 8195
206 4015
2621 2088
324 2264
8080 8931
34 7266
2188 9636
423 5231
8828 4296
8687 2719
9798 2119
3545 7265
9622 5155
4202 419
5327 4738
6252 8385
3392 2046
7126 480
84 5789
4816 4630
2337 2707
3262 4466
9587 3424
5389 3958
8044 878
4178 9776
2217 6235
7684 1527
4350 2675
5342 1717
3435 1099
5732 7818
7692 8515
2526 4961
4488 870
196 8292
9948 2590
8140 891
2235 7426
199 6674
1811 9093
8845 8741
5736 2906
8379 1044
5121 5048
8080 2941
43 373
2410 4861
5793 3431
3740 4728
6463 266
50 2993
8652 6448
3520 9624
4102 2796
3973 4366
8332 7892
3252 3303
6456 5037
518 3526
5760 8226
6202 2655
8150 6389
5475 1403
8003 6538
6410 3549
6172 8630
8170 9368
8592 1478
9597 7378
2006 7714
8064 1031
8367 9422
9962 7245
9479 3843
6664 8835
2459 2150
8543 5779
1591 8939
2964 1839
8129 3257
4256 853
4945 7807
4128 3161
2164 7591
9880 8657
253 5891
7470 3567
568 7782
4105 8658
932 8198
3885 1057
7137 829
7387 7114
3978 6799
7130 5090
593 5065
1649 8816
1786 27
4987 5994
2868 2717
345 3109
4650 9222
2744 4017
4408 2166
4312 778
6616 5368
9050 1723
3313 2320
4083 7607
8878 5947
5054 3241
6878 6211
1737 3866
9172 3303
4742 2719
6939 3935
855 5878
1379 6478
9679 4718
8736 5747
17 651
4365 5116
4375 7502
3678 2127
3839 4888
4850 1653
9302 1181
3784 5183
8033 4832
4728 9189
128 6255
5534 4914
5845 8346
8026 4550
1934 8917
1267 3673
3226 9503
5898 4768
9095 5289
9200 289
4715 5182
7717 752
4426 2645
8294 8521
3109 6260
2416 2956
1334 8424
1554 9985
2026 7590
491 8046
162 8863
5450 1847
9131 3458
2508 339
8463 8245
3381 852
4622 8606
8488 2531
6550 501
6660 8905
4187 6539
9016 794
6447 8440
7270 2072
3217 5096
5220 6248
3440 429
9370 6455
2424 3532
8324 9407
7950 2967
6327 2482
1560 3553
1387 8445
9936 3978
596 358
5625 1358
3640 2143
5969 4593
1045 2484
2644 7089
5734 7867
215 6308
112 5259
4204 4424
347 8883
4928 3216
5162 6947
1934 8619
9444 9128
8547 9239
4278 897
171 1465
2765 6813
2988 61
5080 8591
2416 7773
4607 999
6180 1433
3723 2515
881 4571
6070 1520
5737 8918
931 8687
7536 9965
8128 6903
4982 4756
1216 4865
8341 7819
6253 7720
2911 9645
2818 1045
466 7344
2846 4888
1703 9992
6107 4464
2568 9313
1972 4445
8470 7885
3851 543
7719 4558
8215 7704
1650 8612
2214 1160
2006 1856
115 8120
9781 9227
6286 3072
5177 5753
1104 3499
2941 6130
5839 45
3039 2159
4053 6477
1651 3486
8316 2959
3902 5185
5038 4030
3543 7814
905 9549
2211 5213
8390 6714
1637 7311
6118 4759
9522 2654
760 837
5653 7360
9167 7032
1329 9685
871 7534
5699 9181
1675 7038
5319 885
8834 3718
2977 3150
1290 658
4624 8988
6665 9518
5148 7649
3542 6296
3997 5780
6315 6191
3779 5222
3773 4837
6857 9919
5298 5524
1556 1827
5141 6661
3479 4202
7961 8695
1565 4360
3557 6968
538 5237
6502 901
6918 6810
4236 7442
3770 8043
3295 1132
6158 2361
9099 8721
4870 1351
4231 7755
7571 9412
7060 2635
211 7780
221 4482
654 1479
627 1838
2227 5812
557 7564
1038 8272
8607 8072
6604 1018
6629 421
9627 1953
9574 1378
4522 7929
3188 683
1039 9561
6639 228
9265 4464
1530 4537
6138 9277
