100 100
36 589 816 920 578 952 462 148 315 853 143 819 794 719 815 744 449 736 561 341 385 239 180 503 728 664 512 874 704 39 564 447 812 659 262 408 240 260 513 778 901 296 888 209 996 285 556 719 454 61 895 472 741 112 97 32 602 489 138 801 741 764 110 249 158 278 44 601 246 2 145 372 953 137 72 461 617 266 785 926 257 180 911 489 430 659 352 150 552 209 735 5 881 84 101 539 465 928 512 803 
337 719 872 93 877 642 279 227 399 778 549 810 536 649 924 177 383 326 533 886 838 617 776 665 270 493 300 924 952 346 525 180 558 736 567 873 828 828 185 956 891 980 817 836 543 176 98 57 218 310 197 884 8 63 910 911 166 594 474 374 125 521 835 860 469 652 190 528 438 564 672 474 379 576 868 644 356 642 56 27 877 869 687 299 596 666 331 368 717 303 289 63 128 251 760 37 426 190 631 424 
607 660 257 489 52 892 395 722 154 86 331 560 855 879 977 934 314 510 550 716 746 367 782 296 716 193 815 611 20 481 925 814 253 981 120 847 705 104 130 122 809 373 848 807 761 92 173 445 968 906 972 861 125 984 217 501 837 42 88 29 235 847 550 370 960 602 57 665 460 526 626 483 135 162 243 320 988 739 932 205 424 397 336 898 926 235 359 765 857 298 312 994 426 204 13 908 286 861 898 434 
895 50 835 526 329 177 647 255 558 488 122 724 496 737 754 598 602 607 268 25 389 408 530 24 745 808 410 839 620 819 262 933 812 389 890 771 944 27 772 753 930 204 505 242 284 311 211 993 224 721 632 268 669 465 870 684 62 592 830 756 262 694 826 342 812 142 36 298 550 882 664 572 321 283 406 145 529 348 512 781 766 589 491 769 43 128 653 318 660 833 392 753 555 443 50 296 62 232 709 838 
839 554 686 170 596 432 964 726 93 328 261 940 326 86 39 337 543 77 150 88 835 636 549 775 619 352 656 861 86 713 606 145 404 202 233 988 622 444 403 317 541 63 256 195 945 825 988 91 386 527 717 584 573 700 106 665 845 609 21 155 271 552 359 76 683 398 739 543 827 957 920 599 935 861 439 798 440 920 86 835 87 536 948 340 117 738 989 166 600 612 42 77 276 18 189 995 85 254 687 206 
27 941 201 292 73 33 200 690 255 731 610 598 200 249 590 326 454 880 595 97 110 509 659 91 341 165 111 198 959 942 880 126 372 329 513 500 60 28 874 624 275 719 531 98 506 826 634 32 831 42 38 353 909 46 64 883 627 513 770 521 818 403 85 159 952 234 35 359 64 421 580 329 592 124 934 794 294 187 530 341 840 522 550 63 249 337 847 888 267 555 950 182 477 800 401 871 281 543 86 695 
195 352 717 62 300 588 556 914 449 496 618 693 870 900 547 151 496 982 43 618 721 255 361 959 309 839 375 753 243 470 52 848 607 678 298 223 550 320 40 60 959 408 479 828 560 826 421 859 310 572 358 642 88 719 897 686 558 667 941 329 903 432 930 537 330 398 492 906 118 467 519 767 214 588 276 159 147 95 316 302 232 151 900 837 803 279 552 755 521 711 439 752 974 239 37 780 862 578 304 747 
277 238 122 486 897 497 117 359 953 876 621 710 980 538 197 215 412 256 445 508 995 986 693 370 142 106 476 847 19 576 390 254 279 358 599 95 956 112 615 738 175 119 951 612 641 996 474 97 110 265 586 288 669 223 59 405 656 479 548 974 406 634 81 73 276 660 648 315 854 780 387 882 381 306 670 493 529 434 843 22 96 989 203 468 819 25 907 940 619 818 364 678 383 336 45 375 183 430 678 369 
930 41 461 284 499 851 814 940 233 279 819 62 945 754 214 882 115 359 422 659 571 278 585 626 956 129 36 887 320 499 684 479 170 527 590 419 452 168 949 812 783 590 414 143 255 839 582 128 26 918 524 304 799 691 794 8 206 767 45 458 227 758 538 54 38 170 303 207 313 509 24 747 502 866 609 491 2 291 579 611 605 867 819 794 322 653 552 613 502 256 418 842 495 256 918 150 104 38 168 831 
142 251 331 876 741 381 480 621 402 340 64 215 463 628 635 888 593 903 714 39 364 586 841 822 200 891 779 229 285 896 614 745 548 540 179 539 888 800 96 139 534 875 47 900 412 204 120 108 625 688 79 700 763 944 377 305 696 416 224 260 197 651 877 247 341 105 298 404 689 340 811 845 435 333 562 664 565 272 30 817 211 232 183 289 693 587 287 888 399 627 360 632 591 659 400 766 652 467 905 97 
44 115 930 480 11 594 486 145 114 759 230 757 342 461 145 850 748 768 154 694 182 713 717 386 308 630 29 377 610 368 936 671 388 815 701 958 454 236 197 523 53 657 924 277 575 137 858 712 26 827 92 904 60 136 593 80 339 219 550 377 459 999 941 287 30 798 947 697 496 83 767 484 660 176 413 164 97 529 799 782 227 624 591 868 65 853 357 39 891 369 472 463 972 332 269 30 752 503 890 307 
3 390 671 668 823 229 627 610 614 359 647 945 394 967 815 301 299 813 448 338 582 600 744 478 144 406 830 422 407 576 883 499 22 377 998 358 214 748 875 197 972 793 950 445 696 183 641 857 350 982 923 1 318 198 844 8 403 857 852 299 221 191 657 548 413 900 257 484 114 409 47 182 92 15 202 667 219 524 453 928 506 887 698 15 930 460 566 369 735 571 750 307 724 701 414 599 268 583 873 744 
705 944 692 661 519 168 791 932 549 555 475 78 803 296 43 661 711 93 515 519 905 24 793 273 841 493 696 260 276 671 148 392 369 136 910 104 288 824 611 511 981 885 288 494 678 142 134 914 515 864 186 735 566 297 665 953 621 190 198 159 792 382 730 130 997 976 368 275 578 611 120 289 661 985 147 617 676 153 409 466 955 802 813 651 169 861 577 258 256 277 989 137 189 683 795 328 941 983 626 573 
937 106 425 33 48 264 194 537 551 881 516 879 516 415 210 474 390 44 567 320 760 349 448 68 715 252 607 844 562 938 123 801 662 510 189 392 130 417 721 386 840 869 693 780 247 331 383 632 640 974 575 956 926 625 302 609 758 472 311 812 948 294 743 768 470 711 177 568 717 110 439 737 682 68 20 537 253 971 269 617 320 815 204 42 740 605 932 752 435 316 801 882 591 178 345 483 222 686 254 48 
166 412 851 803 348 334 222 119 125 792 703 865 270 31 408 124 747 689 590 355 234 184 909 28 679 826 327 732 177 284 249 830 155 628 300 35 546 762 175 248 809 218 206 880 545 311 594 366 821 186 777 265 759 609 872 684 601 168 134 980 320 688 751 901 206 766 938 956 140 630 974 922 117 177 113 523 363 477 673 176 133 628 308 266 526 397 139 887 204 411 470 44 865 41 915 541 572 14 185 837 
274 656 640 523 451 235 880 926 198 583 773 448 203 838 762 298 128 903 543 104 116 829 419 306 667 849 614 162 407 942 259 169 619 992 134 754 393 573 536 432 665 554 513 561 72 912 449 189 445 586 765 168 260 909 513 34 671 832 829 902 474 508 355 779 253 587 695 849 951 470 627 868 653 227 99 840 224 828 841 871 252 167 753 469 894 386 771 218 222 607 829 492 869 29 327 330 949 887 522 18 
35 413 662 488 304 43 891 329 158 124 620 612 274 11 428 495 100 332 641 618 993 30 357 289 214 743 532 913 258 18 201 27 722 906 48 216 585 177 222 855 978 650 658 994 765 230 97 546 903 443 872 932 292 817 829 390 782 129 66 553 388 91 534 751 214 172 889 663 801 673 921 95 663 361 38 930 501 573 72 824 554 614 645 698 160 916 496 886 1 29 548 215 432 560 961 107 898 586 637 37 
580 142 27 509 624 785 118 48 624 878 721 930 879 492 877 236 510 41 103 548 715 26 889 201 274 997 313 465 383 929 311 871 267 407 195 44 820 34 676 9 336 813 286 436 134 667 645 265 466 150 360 887 582 485 650 275 617 828 966 648 755 140 49 248 777 903 857 820 16 410 167 392 801 842 13 739 259 406 945 707 957 569 637 785 176 536 462 78 844 679 222 145 475 471 662 985 68 743 785 131 
693 94 555 637 328 845 458 942 340 278 788 510 81 842 572 602 758 860 400 558 121 826 877 246 27 358 790 99 177 516 844 221 120 548 847 139 697 382 967 53 559 116 381 399 583 589 26 963 227 998 450 859 132 270 272 863 34 961 114 1 774 945 327 610 54 581 826 550 418 418 310 84 832 221 954 638 419 579 695 6 826 374 429 40 55 539 730 940 265 508 421 624 738 2 681 997 63 637 107 463 
744 360 427 33 364 894 443 194 17 890 736 387 696 2 867 892 257 722 657 661 160 546 906 343 969 379 493 267 501 684 838 645 285 832 902 504 440 9 234 795 84 280 475 378 514 618 419 483 293 771 404 789 248 713 37 322 140 263 876 149 55 485 899 287 801 394 885 129 503 764 668 256 852 275 314 571 864 165 406 271 659 427 579 47 618 918 229 30 84 748 241 434 303 919 145 154 454 648 784 907 
353 996 832 999 749 780 581 751 556 792 906 480 136 47 21 334 118 559 904 69 489 944 666 409 521 360 32 19 408 302 867 757 69 898 992 990 944 230 641 80 67 402 271 106 848 79 897 617 532 462 142 522 332 762 555 524 4 247 609 224 47 62 214 170 874 753 755 190 879 833 511 87 914 232 170 450 506 101 690 800 150 27 557 921 860 177 37 31 262 237 44 237 640 696 432 524 317 501 465 890 
746 275 968 214 929 50 283 471 319 904 631 915 850 133 536 961 371 398 199 294 94 179 802 285 830 402 264 811 525 780 702 851 235 875 527 102 48 271 731 582 690 753 260 385 60 322 204 643 773 628 486 248 100 523 78 383 837 749 915 193 108 249 860 388 25 59 372 264 100 610 707 439 724 10 364 290 412 699 745 155 789 449 843 943 489 264 216 827 450 306 646 310 37 655 874 286 203 805 897 612 
355 223 350 401 131 491 899 798 950 944 270 120 527 230 985 693 436 194 33 143 462 257 790 314 753 121 727 114 948 76 57 737 973 755 234 577 281 818 927 588 885 620 305 89 709 151 235 92 249 139 94 998 744 372 241 915 74 956 971 432 694 478 312 974 161 583 747 91 798 123 954 594 304 264 478 106 104 205 955 574 581 165 680 297 157 7 568 971 513 827 448 986 834 440 46 172 608 13 890 687 
744 961 463 104 683 76 680 860 664 14 353 947 672 655 702 520 604 637 169 489 816 608 278 991 176 131 234 60 371 964 2 690 578 828 339 918 172 329 431 89 842 919 966 614 852 979 618 133 473 249 100 125 648 395 937 796 276 308 626 212 617 749 325 486 907 364 79 510 15 942 830 388 945 388 441 521 265 181 450 303 989 951 559 954 919 592 146 184 560 130 54 540 10 305 514 125 119 565 426 829 
667 725 64 888 52 809 247 205 128 260 535 260 488 916 533 19 832 22 37 709 910 755 775 543 96 140 475 892 224 556 956 596 46 506 116 310 722 812 255 253 955 25 415 401 840 93 262 374 258 741 291 552 502 676 849 997 752 14 766 209 294 802 646 177 478 354 860 238 634 819 861 134 852 278 181 468 305 408 648 27 686 507 402 191 817 142 102 281 726 977 622 699 320 853 343 887 819 313 989 812 
708 5 933 211 225 96 450 883 839 449 541 11 495 87 470 702 590 658 996 75 293 112 816 252 323 600 409 486 10 506 374 355 296 595 796 146 362 884 441 90 157 688 985 277 402 177 764 827 540 247 705 756 949 53 322 961 371 43 248 153 14 226 294 486 942 712 49 51 568 477 112 237 538 280 58 950 817 733 56 445 755 925 161 818 249 263 603 895 701 70 425 146 448 891 56 229 35 205 788 275 
591 650 884 182 828 922 916 19 264 919 372 995 636 554 673 719 854 163 770 709 164 60 671 790 879 396 193 935 638 788 116 289 62 952 594 835 264 176 743 92 204 4 926 162 676 763 241 733 993 577 300 4 563 743 977 350 893 427 25 350 811 509 35 713 136 366 751 776 266 296 870 101 544 735 783 275 482 322 582 930 437 656 960 395 176 201 70 234 898 442 679 470 575 908 205 791 581 619 245 9 
376 839 980 687 183 917 741 295 605 894 157 496 996 609 968 59 88 192 213 952 223 187 61 299 762 306 845 355 927 337 343 935 526 647 843 987 446 862 375 592 162 658 800 600 299 93 161 171 605 411 547 885 644 464 972 968 564 594 386 624 376 700 549 672 589 175 527 225 232 602 276 807 23 130 958 935 579 343 180 474 151 647 347 72 158 138 677 339 500 236 635 287 985 648 901 452 4 229 806 751 
851 653 317 564 11 636 487 889 701 589 3 474 570 335 105 801 668 928 597 750 627 491 34 323 193 44 449 936 581 954 458 241 270 731 767 568 94 455 985 783 537 739 782 502 216 963 545 770 654 186 39 767 55 743 706 924 638 669 823 67 546 317 998 129 6 78 980 664 804 21 237 539 349 256 691 468 219 150 69 80 82 478 386 244 121 440 693 151 325 120 447 608 179 29 824 790 566 635 649 632 
684 686 357 199 114 90 680 260 215 575 467 770 337 871 692 885 47 833 163 687 955 254 336 94 878 906 917 512 906 439 742 272 669 571 358 685 700 306 115 480 936 395 868 660 217 769 222 480 894 966 224 153 493 269 404 547 124 562 816 689 406 769 262 188 37 820 867 303 312 470 309 831 920 451 395 910 947 78 508 263 597 778 99 699 326 749 381 423 383 478 331 931 212 566 423 879 24 995 186 496 
741 40 213 662 855 559 308 642 246 247 90 409 403 99 46 807 270 497 34 50 187 108 675 305 75 380 856 931 972 985 830 471 797 661 339 94 455 307 456 450 762 296 218 606 182 911 785 163 574 580 402 275 961 918 935 886 413 136 958 217 92 820 376 34 673 328 451 325 372 55 493 319 68 418 850 657 573 149 784 593 208 33 162 769 413 76 7 374 226 668 782 943 777 656 67 115 409 346 430 635 
239 0 783 475 954 553 691 591 625 484 189 924 880 275 155 476 378 916 368 379 499 327 704 91 28 575 57 421 559 904 957 570 550 79 284 842 246 776 277 923 392 859 658 674 765 446 789 374 913 474 844 18 659 699 890 98 679 767 290 122 256 898 443 972 252 728 883 655 901 444 55 876 824 708 751 62 301 241 380 648 380 328 818 790 377 775 426 74 246 569 543 512 559 852 883 930 175 317 748 35 
64 48 193 317 636 118 208 460 646 614 337 932 84 736 172 53 237 785 115 328 9 42 371 386 327 368 487 162 491 719 410 279 888 277 971 499 373 442 173 670 715 397 745 246 810 627 37 621 530 824 525 26 126 971 293 528 151 783 944 819 412 758 495 974 184 597 842 589 665 499 825 242 37 904 474 186 790 131 911 401 229 349 746 923 785 839 795 226 277 58 50 954 926 494 243 868 795 646 586 588 
467 169 944 546 996 885 413 11 362 701 637 736 767 257 859 627 732 979 720 153 219 465 910 978 755 228 15 324 174 68 439 43 669 441 830 579 580 854 86 545 521 953 353 298 578 648 316 593 595 388 785 522 929 663 859 311 181 659 265 700 964 104 87 972 789 933 701 195 643 379 364 151 474 919 606 44 29 6 829 617 756 429 462 606 326 809 151 8 819 723 856 309 279 415 156 772 483 275 295 772 
293 919 508 557 771 815 126 80 108 929 824 808 317 298 490 648 578 989 540 530 721 751 215 241 720 793 530 892 948 276 773 454 464 152 655 289 841 243 46 936 435 404 732 477 150 152 550 785 390 497 134 785 907 551 676 73 97 951 72 575 436 82 736 94 859 348 79 466 220 303 97 57 202 336 832 769 799 142 361 567 597 300 180 864 327 380 125 195 696 797 453 385 930 97 4 457 972 930 558 419 
323 760 341 926 952 834 313 423 999 648 717 355 119 920 765 301 781 282 688 432 599 767 213 80 820 400 313 389 593 541 379 632 79 315 218 629 977 108 679 241 879 254 858 73 618 193 317 28 571 370 171 782 317 846 87 525 314 964 930 529 234 792 224 943 751 242 716 147 728 881 12 11 389 392 640 473 790 927 248 594 539 522 891 237 188 268 457 298 18 499 503 897 770 387 389 649 704 297 537 249 
498 763 75 165 783 768 446 699 455 319 509 859 767 332 168 421 880 786 799 294 147 496 945 243 963 34 253 255 817 872 937 85 405 705 95 86 432 255 650 560 934 841 992 173 463 929 727 599 370 470 695 565 466 967 559 536 798 625 950 947 330 981 621 562 399 342 360 856 732 912 330 416 434 740 633 989 712 584 175 500 293 166 242 658 25 919 378 368 72 475 189 850 813 659 272 222 303 831 825 936 
139 370 210 551 199 512 839 982 920 324 609 343 999 413 711 210 466 260 316 452 396 585 907 972 191 333 770 756 904 887 493 712 740 493 458 130 598 52 191 662 919 641 255 640 566 239 907 628 514 642 407 809 732 659 36 511 102 866 399 589 265 664 306 148 447 511 204 587 481 298 979 269 185 985 497 485 522 154 931 867 205 640 435 712 398 797 55 56 699 273 349 20 246 116 831 179 678 564 104 467 
824 11 476 748 405 546 633 463 551 756 314 687 582 589 748 75 598 148 385 723 782 661 289 605 968 7 847 225 439 125 239 588 644 943 436 860 57 166 271 218 965 359 932 970 677 199 435 283 523 171 413 461 420 291 526 0 612 433 204 284 516 538 593 957 939 496 490 290 585 843 888 176 778 398 260 902 524 62 865 704 608 88 892 584 587 685 445 600 968 524 855 686 384 349 350 108 636 825 773 225 
884 139 4 407 30 124 210 865 935 374 153 115 483 22 877 653 414 66 42 645 208 975 762 212 782 590 749 456 644 961 291 250 628 108 815 2 541 390 947 178 891 460 272 106 573 820 749 147 598 11 232 221 796 929 137 308 169 282 55 196 211 922 817 703 142 50 101 795 762 957 827 271 812 616 591 295 13 591 168 211 139 188 388 612 769 824 699 739 142 457 667 756 202 710 334 819 864 642 507 334 
74 339 376 890 397 454 352 52 794 19 610 699 966 700 70 675 65 984 636 721 803 210 366 137 974 216 587 800 150 556 488 609 203 642 744 356 285 835 115 40 433 62 53 837 464 795 367 812 901 339 563 663 229 501 847 774 187 50 108 968 904 603 277 421 881 8 475 752 811 174 1 708 416 668 286 882 749 613 962 97 616 247 709 813 721 28 623 129 592 659 262 291 339 535 799 665 483 9 61 793 
20 851 65 933 374 56 818 471 722 73 900 835 903 664 592 992 541 169 107 626 135 357 364 778 328 738 119 918 814 411 319 556 248 74 404 259 638 380 863 389 137 28 478 813 80 0 717 55 170 216 557 945 371 375 535 475 17 606 843 994 980 477 842 736 992 893 271 777 656 300 971 32 754 338 277 1 263 879 768 791 683 71 492 270 894 190 964 109 805 645 404 303 274 346 451 158 687 970 342 23 
97 224 140 442 122 183 552 106 200 921 498 604 530 844 939 635 392 476 620 807 214 587 938 879 990 745 976 72 605 189 59 485 714 840 527 434 437 320 627 440 376 230 935 100 114 570 624 103 60 152 217 772 85 559 326 172 336 499 73 310 878 852 765 175 65 219 633 683 28 512 38 170 601 855 166 834 699 531 720 906 499 121 103 252 656 583 858 990 603 918 103 306 895 800 896 953 116 125 448 287 
180 812 877 545 824 604 876 438 338 990 104 951 562 815 748 188 504 792 528 26 810 40 553 63 267 456 171 259 318 866 188 368 48 566 339 52 826 425 494 614 948 940 294 409 650 277 646 614 114 762 969 390 387 542 362 636 380 57 609 684 408 867 316 70 377 437 813 70 6 936 600 254 431 223 380 945 531 284 437 504 243 240 14 712 249 20 636 305 470 95 340 748 289 998 33 708 754 753 151 92 
536 151 128 851 123 396 798 936 121 592 664 923 281 998 843 605 997 643 692 271 291 445 460 244 947 824 62 246 921 847 80 947 525 620 415 89 17 819 542 59 67 970 148 554 370 420 107 991 824 13 199 211 662 537 816 25 625 638 179 340 221 490 782 57 280 804 995 91 287 593 355 463 29 216 4 194 701 570 515 469 484 852 235 389 382 7 527 465 142 64 5 174 8 746 31 997 209 795 594 260 
914 696 830 171 388 406 171 205 136 209 318 965 491 170 173 403 951 297 540 568 358 258 537 136 187 241 558 445 421 719 224 6 388 408 363 144 309 765 412 214 51 624 690 540 6 511 319 118 399 449 699 706 49 75 613 789 149 438 708 139 622 133 326 802 28 45 410 308 229 219 991 236 56 54 923 201 53 272 918 67 607 989 708 992 646 554 350 65 829 917 77 471 529 171 784 274 743 620 665 602 
666 379 37 2 700 934 707 459 467 134 407 37 390 454 982 799 993 164 567 694 310 50 876 221 299 809 189 7 342 450 399 995 562 833 518 920 39 997 919 87 934 11 604 759 338 343 319 216 298 693 546 539 340 99 918 207 271 158 64 906 864 900 984 793 123 233 397 774 919 897 262 320 22 816 140 232 863 602 595 597 548 434 37 585 170 743 672 288 316 438 805 157 774 345 193 549 604 46 241 677 
481 816 41 928 795 523 125 195 669 201 780 236 882 543 683 718 329 577 746 67 483 211 447 827 372 516 192 710 148 736 718 675 835 922 275 266 684 564 313 180 817 900 671 510 373 218 428 593 52 254 607 328 778 565 854 171 320 963 418 81 188 829 492 700 206 254 544 3 779 278 367 59 322 8 355 378 498 487 192 672 810 719 633 620 513 479 976 894 382 554 612 648 518 192 452 893 147 840 506 983 
570 28 370 125 80 575 771 994 460 44 728 637 607 847 142 420 82 553 658 14 915 185 87 3 214 593 42 550 480 687 470 662 469 162 407 524 918 957 921 597 649 516 848 341 98 144 151 318 976 853 499 854 241 290 372 512 755 714 536 125 790 5 282 131 457 96 307 797 863 232 833 535 861 562 949 133 892 808 575 610 959 997 625 766 317 194 420 289 166 487 283 616 758 196 602 121 624 991 935 530 
531 300 343 132 376 737 252 853 799 945 281 255 36 479 311 410 155 195 636 229 73 206 187 203 441 84 418 111 280 851 471 129 205 652 874 753 992 946 286 10 427 105 556 793 839 23 561 245 441 336 634 883 325 615 302 371 282 368 36 884 262 95 787 900 568 971 307 123 575 847 730 924 488 774 615 203 612 47 115 47 629 34 210 12 663 990 697 706 945 180 762 94 4 294 732 603 118 323 616 261 
462 84 6 878 92 558 493 98 556 827 231 445 482 10 613 694 757 637 57 327 109 482 282 618 212 298 150 117 690 37 874 238 350 769 853 104 385 98 241 823 319 532 550 842 473 148 211 422 439 854 656 782 857 638 109 315 318 591 178 768 436 92 733 734 742 446 105 514 333 224 406 513 12 572 587 59 544 933 370 86 72 605 218 811 581 716 944 354 287 970 504 837 889 757 234 398 395 238 31 538 
950 768 121 267 393 470 877 601 336 194 221 230 108 368 112 163 16 437 290 457 687 275 976 48 147 900 936 624 608 441 138 52 94 77 685 214 333 143 442 943 154 76 225 19 976 112 715 651 751 933 802 851 961 190 45 518 323 783 745 789 476 399 953 417 951 909 802 329 637 73 563 543 206 609 853 793 311 61 857 142 784 924 596 375 285 77 272 113 105 395 461 865 379 105 322 971 785 215 927 863 
360 534 214 10 212 754 838 720 689 816 15 104 843 56 479 201 478 196 9 515 531 445 392 113 206 499 77 321 896 130 837 674 859 117 20 228 331 22 611 915 173 663 319 914 964 489 365 401 248 493 765 408 336 760 286 971 85 785 213 643 695 771 272 441 594 654 306 985 962 475 592 993 387 595 651 498 210 99 454 417 540 532 260 468 393 659 132 908 318 726 768 884 159 193 282 513 137 666 904 918 
83 728 534 754 941 581 54 784 448 468 952 357 137 873 980 878 643 776 906 692 560 174 95 527 393 203 748 140 35 766 778 98 376 664 25 727 283 490 427 452 546 188 16 422 661 701 751 193 701 359 813 85 374 942 53 703 632 239 888 639 781 72 924 955 686 502 693 30 732 517 807 492 90 455 571 499 42 902 105 516 437 209 28 309 292 113 905 927 153 258 865 51 440 538 338 174 786 264 52 342 
295 171 464 751 384 420 261 396 496 402 826 277 569 520 587 962 490 154 266 494 628 376 187 849 479 203 725 401 528 80 363 804 520 369 461 725 201 788 967 922 535 551 753 28 768 348 32 742 412 943 647 250 675 636 801 906 99 100 744 924 710 508 486 719 344 863 930 409 274 955 624 806 894 256 904 686 499 424 941 578 210 502 827 703 338 771 3 533 918 202 91 799 519 925 46 42 167 68 443 896 
751 397 232 402 996 520 627 415 492 724 81 894 380 822 9 53 264 238 935 513 358 693 66 296 671 478 782 501 973 14 634 596 943 488 396 896 939 632 828 879 904 196 280 989 402 448 708 34 418 357 539 961 368 928 651 476 564 781 253 118 261 449 571 238 136 678 195 82 992 488 570 125 648 712 174 299 879 910 143 979 899 660 811 607 653 315 979 990 204 827 635 390 535 217 453 664 503 147 902 407 
321 546 667 455 761 150 783 370 998 876 886 34 542 851 400 618 452 134 821 577 320 707 58 849 938 457 111 473 58 812 683 506 838 203 775 990 1 147 122 961 303 594 395 920 946 581 725 36 815 33 394 707 856 947 338 72 31 733 563 118 131 777 60 855 633 212 884 651 579 863 693 315 87 509 817 61 285 147 530 236 171 561 497 646 950 686 180 780 327 776 92 160 990 33 143 505 651 800 637 45 
118 382 437 809 301 498 797 488 626 797 304 480 468 495 531 705 179 98 181 962 253 10 317 394 512 589 631 218 81 52 977 188 875 386 420 873 321 575 717 576 326 800 436 327 602 181 847 633 19 849 893 882 954 853 250 817 584 74 653 692 250 772 413 72 973 13 216 129 495 845 9 261 127 364 644 19 266 62 357 303 854 607 871 348 10 987 571 595 548 808 370 244 995 296 535 451 603 661 690 123 
843 614 930 715 82 158 290 454 637 464 53 852 143 946 163 631 284 940 899 161 536 191 865 353 727 224 80 928 133 64 682 151 397 387 319 51 503 423 82 936 698 214 565 881 92 760 877 670 44 993 569 780 693 470 752 231 888 867 927 706 604 921 505 944 92 71 116 83 692 26 185 121 971 738 492 152 772 587 350 717 865 294 490 696 326 336 979 200 587 503 632 299 889 444 168 269 939 391 561 911 
291 893 906 947 419 476 9 154 434 824 18 756 799 200 278 988 893 297 928 720 838 805 931 611 3 797 791 616 859 242 967 338 678 78 50 652 117 97 359 707 578 117 820 110 32 246 476 725 873 68 447 89 199 430 860 589 994 592 318 724 281 493 490 137 498 367 158 387 612 965 395 925 609 609 259 889 961 568 565 969 412 183 415 169 191 577 411 924 657 950 780 486 936 157 377 358 634 729 929 73 
743 841 89 499 408 828 859 912 222 166 95 729 108 489 728 952 290 776 206 369 582 236 929 645 960 350 615 696 392 261 888 973 806 942 369 137 897 356 204 556 49 994 610 352 876 374 189 920 436 891 326 403 280 146 47 836 27 82 291 795 616 45 995 61 765 814 298 169 743 537 89 405 262 31 785 0 127 254 135 710 995 712 630 159 759 696 75 107 844 883 45 24 472 478 60 239 697 987 890 430 
392 719 387 488 969 460 18 91 80 912 563 126 210 512 976 550 152 810 137 106 306 855 74 434 398 264 1 280 272 939 601 405 597 192 407 846 382 970 922 330 340 506 409 975 526 474 289 126 920 365 419 410 261 848 898 731 840 370 154 105 293 386 769 133 650 759 228 496 780 467 470 868 776 6 239 921 300 482 433 766 661 403 231 778 526 469 800 260 846 870 580 502 471 116 394 225 70 763 307 643 
562 536 925 382 156 500 866 183 279 21 878 598 40 460 430 760 496 258 557 898 373 532 416 820 326 284 821 4 889 231 476 394 246 288 965 756 198 352 646 703 720 167 376 744 881 325 784 593 308 954 537 581 920 583 757 499 344 862 593 430 391 559 715 411 453 102 144 855 967 812 901 226 26 502 888 371 383 656 527 0 760 674 630 747 8 517 508 685 686 2 228 194 221 106 127 958 550 919 615 620 
561 735 431 925 37 808 609 29 763 909 718 557 379 99 879 917 562 194 549 697 735 145 576 460 396 313 20 403 630 321 709 397 329 579 201 247 202 268 490 511 791 90 756 720 719 424 716 751 698 210 81 86 23 632 477 23 492 81 139 833 90 796 904 721 868 221 401 528 504 318 160 589 911 54 823 784 969 883 487 68 166 100 491 804 351 698 957 611 348 382 57 940 825 142 144 574 896 77 407 997 
325 608 479 172 172 756 358 519 813 271 707 282 9 193 557 853 835 72 172 201 390 893 334 450 959 188 217 302 958 207 232 339 544 220 15 225 18 601 538 825 81 335 18 171 767 70 201 472 720 153 291 927 688 173 872 542 688 371 221 558 83 176 741 83 318 723 835 137 765 328 718 968 713 648 498 915 73 21 215 885 757 449 202 954 515 441 249 313 609 676 804 398 954 844 603 374 244 664 303 972 
48 869 339 800 592 220 644 495 240 817 648 604 86 483 657 361 58 770 869 505 573 773 630 413 625 11 837 976 145 152 924 197 100 662 834 324 155 769 560 250 1 405 702 738 744 25 971 61 12 888 155 59 264 9 65 973 204 737 128 155 83 266 449 882 394 136 225 567 324 996 689 926 368 824 863 317 641 817 546 410 581 856 728 533 551 275 644 674 10 643 272 647 748 772 713 307 197 110 122 533 
169 126 984 897 542 580 57 166 877 112 88 428 764 956 259 774 901 555 47 238 816 673 275 48 628 781 90 529 346 954 755 935 633 545 79 169 18 184 438 788 843 597 46 316 244 358 272 679 629 996 898 727 335 305 306 999 513 940 502 260 852 936 208 816 170 431 966 913 502 945 104 499 171 694 957 251 417 858 572 838 242 453 729 737 479 704 817 405 574 680 42 53 650 538 198 397 876 350 728 783 
983 769 951 523 939 0 973 781 86 588 973 310 568 12 242 666 277 396 577 562 697 724 204 827 366 613 268 832 646 719 731 531 902 303 924 446 897 210 269 319 654 134 582 924 232 594 568 880 503 655 864 733 79 514 604 462 425 345 998 91 305 761 848 535 281 30 159 385 72 433 995 451 637 777 204 283 329 103 812 29 640 113 932 272 705 290 652 584 794 892 582 144 223 526 967 944 406 247 581 245 
874 481 264 917 212 175 925 277 631 806 240 826 645 638 192 648 702 654 493 8 930 934 901 2 119 502 794 339 812 691 216 756 45 218 889 363 317 505 174 976 691 208 892 49 748 561 168 87 271 679 929 429 630 78 93 843 388 231 816 120 202 644 635 28 777 377 842 239 421 326 312 843 68 431 850 26 615 82 915 631 33 362 629 381 822 724 341 910 162 566 299 819 679 747 271 770 838 991 20 551 
969 421 657 345 505 193 808 165 199 101 468 314 773 93 101 437 720 214 72 623 81 44 696 763 62 256 381 970 942 465 592 438 440 360 249 525 908 603 183 788 350 691 396 513 190 887 965 91 666 925 256 805 676 658 116 497 695 285 347 641 806 115 373 532 162 13 896 227 612 753 709 206 794 664 587 977 919 613 994 625 49 211 155 623 852 235 619 822 850 132 666 173 318 196 952 135 202 844 601 584 
203 696 874 844 876 239 367 558 681 97 701 524 721 179 933 430 850 655 382 936 638 574 400 246 817 538 411 835 802 316 450 359 964 180 905 211 231 169 150 266 690 355 905 203 851 852 743 903 339 756 352 980 660 188 596 861 593 477 680 330 27 256 765 579 654 452 64 220 318 76 32 8 866 93 622 704 783 535 955 967 237 398 945 247 332 598 833 682 96 811 9 799 244 472 195 949 341 745 402 972 
288 832 841 311 743 991 556 340 106 98 609 982 674 655 879 692 291 201 529 764 718 935 854 631 638 545 200 679 547 292 746 696 119 776 776 359 803 972 485 210 554 609 702 44 938 164 768 907 137 860 809 582 523 726 239 439 285 74 946 482 520 730 933 6 705 710 801 879 160 365 871 955 813 385 644 435 206 115 149 835 923 248 522 909 522 863 913 122 268 258 227 195 287 768 242 784 261 687 636 84 
328 447 346 502 580 372 155 358 941 982 566 661 597 581 326 278 179 968 314 840 975 930 808 214 451 846 849 221 811 713 883 289 450 563 382 563 908 807 276 492 477 669 274 159 838 861 554 154 271 495 772 323 664 432 447 575 444 964 586 642 724 897 91 22 564 623 121 123 825 426 319 97 31 891 355 69 308 802 915 933 1 317 604 275 163 571 845 41 538 770 284 7 266 348 302 999 820 551 34 731 
894 36 427 12 330 135 36 417 99 296 421 820 756 507 681 399 239 905 568 767 709 837 644 227 777 724 254 786 435 179 709 732 26 589 322 39 505 694 515 504 723 913 155 995 954 97 100 481 777 859 815 956 667 492 584 368 962 665 867 514 277 124 759 377 910 276 177 902 396 115 509 573 849 282 219 555 675 885 594 493 108 722 879 352 386 198 431 299 789 6 574 502 517 677 388 69 276 876 141 781 
854 58 919 354 171 848 475 543 112 970 386 938 23 242 871 357 669 9 505 348 306 788 445 150 209 649 910 938 322 551 936 890 245 64 0 963 884 558 762 571 349 214 828 762 277 829 653 312 449 369 809 794 212 422 500 437 931 514 532 563 556 142 496 765 487 335 200 751 79 735 230 571 910 358 654 318 209 119 4 584 708 173 936 540 960 83 297 44 743 666 897 547 131 991 267 553 651 658 998 662 
661 671 279 66 888 772 994 968 134 994 983 475 711 986 215 589 920 364 585 408 784 679 627 190 597 446 456 794 493 247 103 691 718 366 0 741 490 625 250 782 757 688 940 520 574 428 851 331 461 944 331 725 914 200 160 566 443 164 220 578 795 710 963 500 111 408 837 693 542 162 12 496 41 210 724 603 989 53 461 470 351 334 965 313 79 321 787 832 251 499 234 570 342 644 795 303 174 288 670 886 
491 736 135 136 201 250 713 466 937 207 43 602 997 89 948 529 659 491 196 346 91 170 250 172 158 333 989 613 548 331 539 212 903 337 451 913 728 895 537 907 356 102 429 31 359 287 4 276 70 757 154 220 980 920 436 337 720 672 384 795 962 43 6 50 107 1 687 71 72 700 891 807 571 958 945 583 275 948 220 926 511 345 89 964 874 509 640 735 903 457 239 598 940 253 865 554 262 545 48 744 
848 668 92 73 247 149 41 889 679 577 646 648 153 244 352 659 640 259 306 156 352 762 265 592 487 2 173 199 802 36 890 153 255 633 325 789 719 241 748 107 758 492 623 458 187 983 140 255 454 841 285 539 540 279 254 565 308 764 166 373 308 20 210 588 717 739 425 979 660 773 630 308 364 585 219 392 175 796 73 479 975 820 944 507 939 865 778 537 505 150 255 756 177 98 287 165 759 416 109 926 
760 266 917 408 871 837 265 821 391 418 659 321 54 946 926 297 856 482 391 356 604 569 612 786 175 846 865 434 621 691 872 541 860 700 476 9 953 345 765 927 548 357 346 781 8 311 158 854 760 300 140 791 812 523 645 354 700 237 594 392 416 936 324 572 293 859 344 448 520 448 383 946 720 837 857 783 721 191 235 348 319 262 125 209 293 998 248 939 96 73 663 113 481 303 534 490 590 994 760 228 
515 97 516 36 588 569 729 161 553 737 648 329 866 596 668 305 491 419 715 284 287 70 76 38 511 739 562 449 415 264 219 452 795 838 972 720 148 113 445 938 294 225 61 427 866 83 430 394 466 272 570 941 738 408 37 570 800 379 200 845 293 33 958 649 850 51 800 915 488 514 367 716 659 923 339 911 366 159 471 102 627 861 623 504 936 769 843 274 349 819 219 151 737 896 615 448 476 196 748 491 
258 801 765 595 537 24 996 948 879 667 437 273 231 379 602 523 851 174 77 807 18 143 208 968 501 797 269 912 855 783 345 586 745 588 945 439 653 693 745 735 919 6 301 563 143 782 557 732 321 472 16 858 697 781 194 340 341 402 70 902 720 149 111 233 480 830 850 783 746 797 488 661 883 228 283 361 218 502 664 949 117 491 449 320 961 459 37 951 737 261 607 113 712 885 231 576 239 323 489 177 
918 589 431 301 384 631 524 201 587 531 788 316 157 586 749 633 985 932 455 55 25 551 609 123 772 927 90 64 370 631 753 237 623 202 932 500 341 842 546 776 951 591 714 655 569 280 367 804 168 669 908 919 390 694 535 339 249 680 743 253 897 409 271 355 765 586 451 851 228 113 893 836 883 811 524 821 942 669 390 972 878 639 195 481 249 894 126 480 234 597 365 309 522 492 154 32 114 865 758 249 
117 628 134 839 161 126 688 155 864 867 921 563 454 541 262 956 339 499 994 391 940 678 180 252 128 594 234 486 513 515 137 92 39 434 330 322 812 989 271 495 31 324 53 954 451 423 913 650 130 607 497 429 623 70 944 251 360 60 282 806 461 237 530 740 950 644 287 569 376 297 626 19 806 77 238 537 107 941 216 84 898 941 628 499 427 402 707 165 199 725 520 439 412 500 220 844 353 1 649 902 
874 601 642 95 962 544 92 732 168 982 815 870 882 211 143 959 863 58 994 696 760 802 185 526 963 175 752 892 476 674 783 81 351 354 521 13 332 383 494 815 793 995 805 538 520 580 846 630 893 675 871 572 498 203 733 599 417 765 584 711 99 540 338 682 14 864 833 569 162 562 672 917 108 494 834 142 201 827 290 651 735 778 558 525 764 442 712 617 262 896 948 789 847 369 161 245 199 874 296 527 
100 298 843 956 596 781 529 781 436 953 386 990 720 314 787 392 133 386 826 421 538 515 668 387 976 18 407 758 377 718 875 454 799 354 956 377 189 728 449 861 407 753 824 365 757 968 108 672 780 710 424 319 310 750 580 208 822 95 179 975 872 893 944 4 814 592 765 467 170 525 313 1 692 230 393 731 449 22 612 370 913 47 390 167 721 763 618 375 386 634 916 631 917 182 551 912 546 33 932 195 
912 394 21 352 761 672 523 768 964 275 452 742 187 521 472 99 753 109 422 266 583 418 692 912 323 748 356 597 70 436 443 753 408 309 566 233 89 42 809 241 623 572 49 109 223 168 851 646 740 188 595 156 338 603 321 823 307 783 580 193 110 711 979 101 314 135 769 858 45 703 246 794 723 692 491 969 339 389 81 150 309 870 759 175 486 253 325 856 331 766 414 151 667 256 793 808 982 914 844 75 
74 505 464 482 209 149 708 328 805 717 226 10 527 753 535 634 590 178 198 644 81 876 828 626 869 291 869 632 901 227 155 67 60 56 78 665 518 648 462 719 0 865 442 495 228 290 8 564 688 356 936 633 373 86 317 814 722 625 314 356 59 419 883 73 332 525 183 433 321 188 553 265 949 958 265 926 174 358 967 850 19 483 557 631 866 227 704 587 453 752 628 338 914 215 77 584 7 895 81 915 
462 847 354 286 905 332 802 51 641 124 784 794 156 192 820 153 429 319 602 209 750 299 947 38 186 975 304 430 957 90 339 523 180 502 35 880 75 263 469 834 784 362 317 286 20 49 198 835 581 260 223 501 182 99 402 143 582 473 400 504 617 51 859 216 263 61 62 43 682 340 194 592 859 514 460 982 369 451 722 182 855 835 57 446 626 904 934 931 375 268 134 508 646 940 302 642 505 686 322 568 
592 194 12 104 35 367 940 547 238 236 769 698 9 570 803 22 244 434 679 152 982 763 390 923 887 86 92 734 227 452 592 716 523 42 242 327 970 834 825 728 563 682 39 595 274 904 620 736 256 544 244 155 387 55 190 863 699 83 882 435 660 693 207 320 6 103 384 521 714 862 498 650 612 146 275 491 202 986 599 557 44 690 607 796 674 938 471 602 670 211 32 649 412 455 543 355 988 62 369 844 
526 78 297 103 775 843 704 75 391 433 148 227 418 295 212 570 385 704 100 979 667 321 606 714 144 359 335 795 711 752 842 445 750 291 62 591 894 484 851 433 204 4 80 329 646 879 964 560 774 669 42 675 273 890 181 429 275 750 674 29 985 103 944 787 150 353 838 603 153 634 890 834 98 601 75 885 742 697 707 501 939 24 612 988 851 186 170 731 814 253 26 578 143 791 309 62 173 529 347 976 
701 605 234 32 156 340 100 605 399 138 738 626 191 763 540 471 538 446 349 652 44 453 70 264 448 425 117 508 82 400 529 631 561 145 134 945 557 308 819 999 870 159 591 314 661 865 259 286 563 533 828 463 843 4 455 879 661 147 813 328 593 55 874 129 231 550 251 244 65 507 708 704 273 850 162 290 587 224 702 275 108 51 576 427 672 812 603 903 110 100 498 281 803 849 844 390 20 146 146 747 
214 870 438 754 30 675 957 853 381 137 111 215 532 69 174 33 716 704 367 814 825 761 953 911 799 974 94 621 981 144 27 813 582 663 218 92 897 691 24 884 947 469 109 432 252 418 486 291 322 429 457 569 55 707 541 240 964 206 487 85 888 233 391 922 427 15 113 597 509 473 527 603 763 826 966 959 368 494 500 491 476 284 394 728 133 44 75 318 914 608 691 504 818 205 334 531 124 232 816 734 
347 402 646 331 967 887 273 761 753 449 649 628 239 525 80 361 21 599 350 726 333 373 354 485 624 173 94 995 825 980 987 511 247 966 864 681 716 229 618 419 696 625 726 428 658 728 668 30 696 352 547 740 343 952 971 661 583 485 448 424 263 272 609 206 603 284 572 945 73 58 619 354 818 902 501 817 325 342 742 873 65 150 877 903 776 220 58 643 849 370 512 395 555 31 705 520 39 810 776 887 
790 195 758 427 303 404 9 645 865 756 869 349 896 194 999 156 894 200 998 862 502 435 630 627 320 916 82 99 414 456 520 101 602 264 651 672 973 709 8 565 569 208 101 463 917 593 632 20 364 443 290 59 968 990 64 800 838 318 301 268 586 148 600 924 722 694 385 482 955 55 390 513 44 9 265 438 834 657 341 263 13 968 851 674 34 970 279 241 947 610 913 931 879 676 553 326 96 327 572 425 
65 964 42 794 855 14 497 897 322 516 543 982 69 77 650 465 265 942 385 364 541 980 236 461 358 302 361 667 951 176 459 334 351 872 754 844 220 167 158 397 643 75 501 486 820 340 96 145 951 669 921 299 894 260 206 79 727 557 763 174 569 171 161 185 806 190 39 100 428 642 318 822 776 867 678 611 427 816 165 621 774 407 559 423 697 687 948 475 292 242 534 280 108 104 974 489 154 713 534 105 
737 532 844 899 430 29 638 392 7 957 153 271 184 389 573 690 648 372 310 22 471 808 918 904 528 944 672 646 639 453 630 177 825 490 817 85 287 789 632 479 871 614 266 950 94 272 641 782 571 475 34 373 893 576 472 200 766 632 682 228 128 494 307 154 516 655 943 803 584 269 691 931 545 430 234 105 326 928 137 61 763 826 523 145 865 343 848 467 654 858 118 451 908 393 509 945 50 340 864 601 
960 46 93 807 843 114 284 402 962 923 884 376 89 597 742 254 565 32 864 137 236 412 947 281 744 999 788 314 891 394 281 398 688 974 980 306 504 337 264 909 817 324 569 691 46 762 984 667 759 609 732 483 292 733 347 9 704 135 224 913 156 703 389 0 201 334 642 597 782 720 692 6 179 692 206 22 184 325 562 940 970 175 344 858 14 6 774 553 631 554 603 397 256 937 363 964 157 934 263 951 
201 844 951 322 627 220 917 234 287 764 1 420 337 755 407 912 505 420 767 497 679 134 23 904 144 639 109 871 578 681 96 583 191 113 916 995 129 58 148 843 204 460 282 508 570 933 1 362 794 905 540 6 56 540 253 979 169 123 566 577 911 675 965 786 935 547 504 719 274 886 398 947 158 564 618 118 552 871 13 302 907 347 600 445 441 314 219 579 967 696 734 249 454 22 949 840 962 432 749 129 
861 828 587 315 706 159 761 558 525 115 690 126 2 619 607 470 595 194 520 675 528 466 883 874 313 856 587 152 259 305 149 777 851 778 998 793 628 762 568 381 999 69 245 868 297 229 871 425 799 231 682 369 408 983 198 257 638 936 427 165 357 791 789 617 20 977 477 409 303 300 495 422 686 661 538 796 582 258 610 897 648 27 338 739 710 108 658 400 384 971 252 593 467 565 181 803 18 589 657 17 
614 431 299 197 97 650 371 314 290 394 867 203 480 200 942 386 21 345 371 958 680 223 409 248 149 318 674 947 511 703 443 494 23 265 129 416 993 297 175 717 788 389 431 109 326 669 875 932 666 571 351 923 879 955 302 164 825 642 643 660 701 506 753 19 127 450 348 929 169 28 719 924 870 155 842 817 573 41 294 119 422 800 354 792 209 97 357 542 738 659 429 433 822 314 976 888 300 588 815 184 
